strategic_region = {
	id = 14
	name = "STRATEGICREGION_14"
	provinces = {
		6627
		12543
		7610
		20715
		9545
		7938
		11887
		9603
		5921
		12207
		20707
		20705
		21668
		5650
		12020
		20738
		8947
		12422
		12141
		9610
		8574
		12083
		2781
		8376
		12193
		12234
		12285
		20737
		12336
		12369
		12383
		12413
		6796
		7190
		12438
		7843
		20711
		740
		5014
		7903
		12166
		20708
		7174
		8700
		12250
		12286
		20709
		20672
		9315
		12152
		20726
		20719
		4263
		6808
		12401
		12538
		12539
		20721
		1367
		12092
		12131
		20720
		9589
		12672
		12686
		20716
		8507
		12623
		12673
		20728
		5731
		9298
		12881
		20725
		6415
		12377
		12414
		12606
		6447
		7596
		12292
		12298
		12694
		20714
		3861
		9467
		12742
		12799
		20727
		6936
		12439
		12495
		20718
		8152
		2874
		5520
		18983
		12583
		7583
		12629
		12654
		12611
		12482
		12534
		20717
		7566
		12293
		12319
		20722
		7506
		8551
		12370
		20723
		9669
		12226
		1105
		5991
		12836
		4903
		8499
		9016
		12902
		12915
		12953
		20741
		20731
		8803
		12910
		6884
		13106
		12798
		1905
		7401
		8179
		12737
		12746
		20740
		2682
		7510
		12876
		20713
		20729
		6957
		9577
		13035
		13073
		20742
		6453
		9312
		9478
		12977
		12993
		13047
		4408
		5086
		12985
		20743
		12853
		8475
		8897
		20734
		5412
		5555
		8349
		20736
		5419
		8906
		20732
		20744
		7002
		8536
		12404
		5406
		4941
		8240
		9187
		11955
		12019
		1259
		12390
		12400
		12434
		12461
		20735
		770
		12421
		12523
		
		3647
		7340
		12582
		12621
		20733
		20739
		5396
		5691
		6311
		6559
		12700
		12778
		7025
		20668
		11764
		20689
		4248
		8508
		11254
		20691
		11075
		14142
		282
		5914
		7434
		11294
		11319
		11353
		2719
		7138
		9128
		11360
		11383
		11438
		8321
		11489
		20675
		632
		7156
		8357
		11295
		11343
		11398
		11430
		20662
		20681
		6176
		11102
		11111
		11158
		11183
		20693
		20680
		11207
		4891
		276
		11389
		11406
		20678
		20692
		3499
		11940
		20667
		3119
		3192
		11996
		12040
		20671
		3282
		3903
		5373
		12033
		20669
		20655
		7725
		11565
		11570
		20679
		6794
		7241
		9031
		11558
		11621
		11719
		20676
		11756
		20629
		20670
		2180
		2240
		4395
		7826
		8140
		11508
		11730
		20677
		2151
		11771
		11788
		11809
		20653
		20654
		20658
		20659
		7991
		11684
		11757
		20657
		20660
		5559
		9029
		11787
		11848
		20666
		20673
		20674
		11982
		20652
		20665
		7163
		1335
		7618
		7690
		11867
		11914
		81
		816
		1774
		3600
		11540
		11557
		11645
		11700
		20686
		7367
		8302
		11420
		11532
		20690
		20746
		11718
		19899
		11342
		10909
		11866
		19879
		20807
		20863
		9366
		11224
		11299
		20687
		20688
		20696
		240
		1050
		11232
		11253
		11293
		20656
		20661
		7250
		20663
		1716
		8727
		11324
		11372
		11405
		11463
		4950
		7578
		11479
		11552
		20684
		11818
		20694
		4980
		20683
		4664
		7792
		4109
		7503
		11675
		20699
		9221
		4781
		11744
		6210
		8069
		11762
		11819
		1243
		7000
		8232
		11817
		20682
		20685
		7246
		11745
		11783
		11835
		11843
		20701
		3701
		11876
		11932
		20697
		20664
		1053
		20712
		6357
		11888
		11931
		11974
		20700
		20704
		395
		11898
		11952
		20698
		5615
		8133
		9136
		12084
		12201
		20710
		9214
		20706
		3694
		8976
		11944
		11970
		11995
		20702
		20703
	}
	weather={
		period={
			between={ 0.0 30.0 }
			temperature={ 20.0 20.0 }
			no_phenomenon=1.000
			rain_light=0.000
			rain_heavy=0.000
			snow=0.000
			blizzard=0.000
			arctic_water=0.000
			mud=0.000
			sandstorm=0.000
			min_snow_level=0.000
		}
		period={
			between={ 0.1 27.1 }
			temperature={ 20.0 20.0 }
			no_phenomenon=1.000
			rain_light=0.000
			rain_heavy=0.000
			snow=0.000
			blizzard=0.000
			arctic_water=0.000
			mud=0.000
			sandstorm=0.000
			min_snow_level=0.000
		}
		period={
			between={ 0.2 30.2 }
			temperature={ 20.0 20.0 }
			no_phenomenon=1.000
			rain_light=0.000
			rain_heavy=0.000
			snow=0.000
			blizzard=0.000
			arctic_water=0.000
			mud=0.000
			sandstorm=0.000
			min_snow_level=0.000
		}
		period={
			between={ 0.3 29.3 }
			temperature={ 20.0 20.0 }
			no_phenomenon=1.000
			rain_light=0.000
			rain_heavy=0.000
			snow=0.000
			blizzard=0.000
			arctic_water=0.000
			mud=0.000
			sandstorm=0.000
			min_snow_level=0.000
		}
		period={
			between={ 0.4 30.4 }
			temperature={ 20.0 20.0 }
			no_phenomenon=1.000
			rain_light=0.000
			rain_heavy=0.000
			snow=0.000
			blizzard=0.000
			arctic_water=0.000
			mud=0.000
			sandstorm=0.000
			min_snow_level=0.000
		}
		period={
			between={ 0.5 29.5 }
			temperature={ 20.0 20.0 }
			no_phenomenon=1.000
			rain_light=0.000
			rain_heavy=0.000
			snow=0.000
			blizzard=0.000
			arctic_water=0.000
			mud=0.000
			sandstorm=0.000
			min_snow_level=0.000
		}
		period={
			between={ 0.6 30.6 }
			temperature={ 20.0 20.0 }
			no_phenomenon=1.000
			rain_light=0.000
			rain_heavy=0.000
			snow=0.000
			blizzard=0.000
			arctic_water=0.000
			mud=0.000
			sandstorm=0.000
			min_snow_level=0.000
		}
		period={
			between={ 0.7 30.7 }
			temperature={ 20.0 20.0 }
			no_phenomenon=1.000
			rain_light=0.000
			rain_heavy=0.000
			snow=0.000
			blizzard=0.000
			arctic_water=0.000
			mud=0.000
			sandstorm=0.000
			min_snow_level=0.000
		}
		period={
			between={ 0.8 29.8 }
			temperature={ 20.0 20.0 }
			no_phenomenon=1.000
			rain_light=0.000
			rain_heavy=0.000
			snow=0.000
			blizzard=0.000
			arctic_water=0.000
			mud=0.000
			sandstorm=0.000
			min_snow_level=0.000
		}
		period={
			between={ 0.9 30.9 }
			temperature={ 20.0 20.0 }
			no_phenomenon=1.000
			rain_light=0.000
			rain_heavy=0.000
			snow=0.000
			blizzard=0.000
			arctic_water=0.000
			mud=0.000
			sandstorm=0.000
			min_snow_level=0.000
		}
		period={
			between={ 0.10 29.10 }
			temperature={ 20.0 20.0 }
			no_phenomenon=1.000
			rain_light=0.000
			rain_heavy=0.000
			snow=0.000
			blizzard=0.000
			arctic_water=0.000
			mud=0.000
			sandstorm=0.000
			min_snow_level=0.000
		}
		period={
			between={ 0.11 30.11 }
			temperature={ 20.0 20.0 }
			no_phenomenon=1.000
			rain_light=0.000
			rain_heavy=0.000
			snow=0.000
			blizzard=0.000
			arctic_water=0.000
			mud=0.000
			sandstorm=0.000
			min_snow_level=0.000
		}
	}

}
