strategic_region = {
	id = 23
	name = "STRATEGICREGION_23"
	provinces = {
		1518
		3427
		11354
		11366
		11545
		20555
		3525
		6757
		11799
		20578
		4157
		4259
		11623
		11686
		20564
		20573
		6502
		9069
		9334
		11732
		3839
		7438
		11448
		11513
		11580
		11581
		20550
		20551
		20587
		20597
		1579
		8681
		11923
		20581
		3819
		20572
		12529
		12599
		12614
		12666
		4557
		12203
		12246
		12394
		4442
		9090
		12102
		12202
		7753
		12022
		12086
		20605
		7107
		7281
		12457
		6575
		7208
		9490
		12278
		12288
		20601
		1037
		1562
		5425
		9461
		9555
		12071
		12132
		20606
		332
		11877
		12327
		6959
		20604
		8125
		20600
		1067
		5693
		8402
		9562
		12347
		3984
		5614
		6140
		12364
		12449
		12313
		20599
		12044
		2876
		20584
		12119
		12299
		12307
		8095
		12195
		6475
		8274
		8620
		12228
		12269
		12339
		6045
		12005
		12055
		12123
		20607
		3296
		11596
		7394
		7045
		420
		7764
		11573
		11572
		4925
		11449
		20554
		11375
		833
		4226
		4870
		6219
		11571
		11687
		11746
		5945
		6376
		8358
		9498
		9585
		11716
		11773
		1092
		6025
		8362
		8903
		11822
		11878
		11879
		11924
		11966
		12023
		302
		3190
		4234
		4711
		8583
		9063
		9493
		11560
		11650
		11715
		11772
		20553
		1221
		1781
		6623
		8287
		11836
		11892
		11921
		12045
		12112
		12172
		5647
		8562
		10958
		20541
		20544
		9566
		11076
		11151
		11242
		11313
		2057
		4382
		5072
		6762
		10950
		11004
		20549
		20560
		3207
		3919
		6144
		8253
		11077
		11194
		11265
		18556
		20546
		674
		19024
		1035
		7416
		9267
		11150
		20543
		2115
		11266
		2530
		4473
		10892
		10933
		1725
		5107
		8337
		10971
		20542
		748
		3349
		11344
		11399
		4095
		11058
		11098
		11130
		11180
		20548
		20562
		2829
		8492
		11331
		11374
		20552
		708
		2932
		9655
		4806
		11425
		11481
		9308
		11040
		20561
		484
		3481
		5663
		5690
		11027
		11209
		11278
		19660
		2095
		11099
		3930
		5266
		12458
		5322
		8816
		12690
		12711
		6758
		7914
		12405
		12552
		12567
		12594
		12656
		19942
		12322
		6180
		8552
		3617
		5259
		20603
		3182
		3212
		20598
		2485
		12625
		854
		6250
		7495
		20602
		21641
		8474
		11198
		11234
		11282
		90
		6271
		6866
		7803
		10854
		10920
		10946
		20545
		2958
		4274
		5984
		7733
		11243
		11314
		6818
		9426
		11199
		11286
		11340
		11341
		11407
		11408
		19921
		1698
		8712
		11167
		16024
		18011
		5827
		6691
		7830
		8503
		9431
		11367
		11464
		11362
		5502
		6231
		7217
		11629
		4280
		4622
		8911
		9394
		10981
		10993
		11005
		11050
		11093
		11131
		11132
		19922
		6016
		10998
		4378
		10923
		17161
		11122
		11138
		11171
		11210
		20477
		4497
		1577
		8359
		8776
		9597
		20474
		2488
		5751
		5899
		7081
		7227
		7262
		9571
		11034
		11091
		11094
		11162
		18762
		20476
		20479
		1099
		7004
		10939
		10965
		10999
		19312
		19905
		20469
		19934
		561
		4565
		11033
		20470
		20475
		1693
		6984
		2268
		2421
		3660
		4948
		5933
		20478
		5849
		7523
		11067
		11118
		281
		899
		2684
		8528
		11113
		11161
		11168
		11190
		11226
		11248
		1120
		7485
		7828
		10752
		10795
		18151
		20459
		1237
		7926
		10893
		10894
		17194
		5773
		6563
		10855
		10879
		10885
		10910
		19936
		20458
		20471
		2000
		2882
		10837
		10853
		10840
		20457
		20473
		3541
		7846
		8131
		19906
		19933
		20472
	}
	weather={
		period={
			between={ 0.0 30.0 }
			temperature={ 20.0 20.0 }
			no_phenomenon=1.000
			rain_light=0.000
			rain_heavy=0.000
			snow=0.000
			blizzard=0.000
			arctic_water=0.000
			mud=0.000
			sandstorm=0.000
			min_snow_level=0.000
		}
		period={
			between={ 0.1 27.1 }
			temperature={ 20.0 20.0 }
			no_phenomenon=1.000
			rain_light=0.000
			rain_heavy=0.000
			snow=0.000
			blizzard=0.000
			arctic_water=0.000
			mud=0.000
			sandstorm=0.000
			min_snow_level=0.000
		}
		period={
			between={ 0.2 30.2 }
			temperature={ 20.0 20.0 }
			no_phenomenon=1.000
			rain_light=0.000
			rain_heavy=0.000
			snow=0.000
			blizzard=0.000
			arctic_water=0.000
			mud=0.000
			sandstorm=0.000
			min_snow_level=0.000
		}
		period={
			between={ 0.3 29.3 }
			temperature={ 20.0 20.0 }
			no_phenomenon=1.000
			rain_light=0.000
			rain_heavy=0.000
			snow=0.000
			blizzard=0.000
			arctic_water=0.000
			mud=0.000
			sandstorm=0.000
			min_snow_level=0.000
		}
		period={
			between={ 0.4 30.4 }
			temperature={ 20.0 20.0 }
			no_phenomenon=1.000
			rain_light=0.000
			rain_heavy=0.000
			snow=0.000
			blizzard=0.000
			arctic_water=0.000
			mud=0.000
			sandstorm=0.000
			min_snow_level=0.000
		}
		period={
			between={ 0.5 29.5 }
			temperature={ 20.0 20.0 }
			no_phenomenon=1.000
			rain_light=0.000
			rain_heavy=0.000
			snow=0.000
			blizzard=0.000
			arctic_water=0.000
			mud=0.000
			sandstorm=0.000
			min_snow_level=0.000
		}
		period={
			between={ 0.6 30.6 }
			temperature={ 20.0 20.0 }
			no_phenomenon=1.000
			rain_light=0.000
			rain_heavy=0.000
			snow=0.000
			blizzard=0.000
			arctic_water=0.000
			mud=0.000
			sandstorm=0.000
			min_snow_level=0.000
		}
		period={
			between={ 0.7 30.7 }
			temperature={ 20.0 20.0 }
			no_phenomenon=1.000
			rain_light=0.000
			rain_heavy=0.000
			snow=0.000
			blizzard=0.000
			arctic_water=0.000
			mud=0.000
			sandstorm=0.000
			min_snow_level=0.000
		}
		period={
			between={ 0.8 29.8 }
			temperature={ 20.0 20.0 }
			no_phenomenon=1.000
			rain_light=0.000
			rain_heavy=0.000
			snow=0.000
			blizzard=0.000
			arctic_water=0.000
			mud=0.000
			sandstorm=0.000
			min_snow_level=0.000
		}
		period={
			between={ 0.9 30.9 }
			temperature={ 20.0 20.0 }
			no_phenomenon=1.000
			rain_light=0.000
			rain_heavy=0.000
			snow=0.000
			blizzard=0.000
			arctic_water=0.000
			mud=0.000
			sandstorm=0.000
			min_snow_level=0.000
		}
		period={
			between={ 0.10 29.10 }
			temperature={ 20.0 20.0 }
			no_phenomenon=1.000
			rain_light=0.000
			rain_heavy=0.000
			snow=0.000
			blizzard=0.000
			arctic_water=0.000
			mud=0.000
			sandstorm=0.000
			min_snow_level=0.000
		}
		period={
			between={ 0.11 30.11 }
			temperature={ 20.0 20.0 }
			no_phenomenon=1.000
			rain_light=0.000
			rain_heavy=0.000
			snow=0.000
			blizzard=0.000
			arctic_water=0.000
			mud=0.000
			sandstorm=0.000
			min_snow_level=0.000
		}
	}

}
