strategic_region = {
	id = 24
	name = "STRATEGICREGION_24"
	provinces = {
		13208
		13376
		3940
		6667
		8773
		13029
		13083
		13092
		669
		2154
		2869
		7965
		12854
		12896
		12955
		12981
		12987
		13037
		4289
		1166
		2012
		2429
		6068
		7514
		9236
		12748
		12788
		2294
		6367
		7354
		12961
		13108
		13219
		13404
		5569
		5889
		12931
		1405
		2845
		2960
		3266
		3508
		4627
		6010
		6573
		6962
		12702
		12749
		12819
		249
		7679
		9005
		12883
		4422
		7829
		8756
		9160
		9173
		12912
		12974
		12996
		13041
		13056
		13097
		5766
		19919
		13
		13138
		13179
		13271
		12253
		6561
		12236
		12222
		12211
		6496
		721
		1172
		2140
		2365
		3273
		6333
		7898
		8622
		12342
		12371
		12396
		12426
		12451
		12498
		17570
		19940
		998
		3385
		5700
		12485
		12506
		12608
		12641
		684
		1161
		2456
		5894
		6615
		7371
		7482
		8026
		2165
		3598
		5578
		12259
		12425
		12531
		12563
		5485
		7402
		8972
		9181
		9504
		12545
		12713
		12783
		2569
		2788
		19915
		6049
		12016
		12104
		818
		7921
		12058
		12114
		12144
		462
		5974
		6146
		8616
		9269
		11748
		11946
		12015
		19923
		3852
		6835
		7821
		11775
		17354
		18174
		19924
		19944
		19946
		19948
		11989
		3314
		5111
		8812
		4707
		7818
		12061
		2009
		9601
		19949
		1158
		2828
		4527
		5230
		8713
		8872
		11598
		11717
		11790
		11838
		11850
		5755
		6917
		8657
		12088
		12145
		12162
		12237
		672
		3856
		6633
		8480
		8601
		11953
		12017
		12018
		12057
		12109
		7316
		11908
		11947
		12046
		3345
		11937
		11973
		11977
		11856
		11902
		7232
		7930
		9262
		11597
		11712
		19945
		2909
		4024
		4195
		5893
		8901
		9146
		10982
		11015
		11045
		11103
		11125
		11200
		11283
		11484
		1151
		5039
		8303
		8988
		11553
		11582
		11614
		11640
		11702
		11741
		7795
		11332
		2407
		4532
		7325
		11059
		11100
		11124
		11143
		11196
		19925
		20462
		20463
		5239
		6082
		7649
		8864
		11526
		11655
		11688
		769
		972
		1036
		2037
		3416
		3656
		11333
		11467
		11501
		1134
		4816
		5922
		9152
		11068
		11078
		11092
		11123
		11139
		11191
		11195
		11249
		19932
		1069
		3258
		5860
		6989
		8356
		11279
		11376
		11439
		11483
		11518
		4037
		4200
		5558
		6316
		11169
		11211
		11238
		11384
		18201
		19943
		10916
		6536
		7521
		10856
		8252
		2073
		1568
		20003
		7154
		7842
		7860
		10792
		10935
		20001
		219
		6024
		10662
		1922
		3285
		4702
		9070
		11000
		11060
		19941
		20000
		20002
		215
		480
		1782
		4641
		6074
		6387
		8646
		8672
		10638
		10676
		10702
		10707
		10736
		10787
		10832
		10912
		16137
		16297
		16624
		3562
		16461
		19954
		6885
		13314
		527
		5231
		9154
		13289
		13298
		13355
		13540
		19916
		1682
		4070
		4089
		13096
		13240
		19918
		1124
		2086
		7863
		13155
		13194
		13202
		19917
		8117
		12505
		12559
		12782
		12648
		18227
		12512
		12588
		5033
		7209
		7205
		4642
		2427
		5186
		7541
		12585
		12586
		12631
		12657
		3082
		5046
		6862
		914
		3241
		4577
		12808
		12872
		12911
		12926
		19909
		948
		2320
		2778
		12722
		12780
		12787
		12847
		12859
		12905
		12675
		7368
		12718
		12793
		12840
		12818
		6830
		12865
		12873
		2183
		9270
		12920
		12959
		3465
		12679
		12712
		12733
		2696
		12728
		12773
		12676
		5192
		6567
		8148
		8189
		8912
		12483
		19937
		64
		1734
		2389
		3167
		8831
		12658
		12677
		12706
		12744
		19910
		6002
		8463
		12678
		12747
		12781
		12826
		12848
		9292
		12960
		13033
		12739
		12743
		8570
		12558
		12568
		12622
		12323
		12395
		6498
		6560
		19725
		19947
		9125
		12429
		12462
		4107
		4372
		6264
		8579
		8808
		8963
		12093
		1628
		7695
		8001
		12430
		12450
		12511
		12525
		773
		1325
		1369
		3817
		4421
		4907
		6574
		12080
		12120
		12125
		12179
		12235
		3005
		6039
		6487
		7851
		7907
		8834
		9512
		12108
		12113
		12178
		12314
		19912
		6759
		8571
		12406
		12416
		12417
		12463
		12497
		12536
		12587
		12601
		19911
		12341
		12348
		12440
		12484
		7788
		12530
		1756
		12424
		8502
		12518
		3114
		2486
		661
		3860
		5374
		7305
		11926
		11988
		12095
		12168
		12221
		372
		877
		1316
		1463
		3568
		6797
		8385
		11901
		11906
		11907
		11972
		234
		1049
		5444
		6782
		8067
		11785
		11795
		11825
		1631
		1845
		3195
		4943
		5461
		5905
		6396
		7467
		8629
		8999
		12024
		12056
		12094
		12103
		12124
		12161
		12173
		12279
		12295
		12328
		12431
		12475
		19913
		4598
		7109
		8449
		11671
		11677
		11721
		11737
		11768
		11846
		19914
		5515
		8111
		9098
		9299
		11574
		11633
		11646
		11694
		19920
		1216
		2155
		6672
		11736
		2692
		7207
		9350
		11390
		11465
		11542
		11547
		6701
		8452
		2535
		4078
		4336
		6490
		7104
		8537
		9418
		11421
		1884
		1927
		5525
		6449
		6933
		7604
		11546
		11566
		11589
		11604
		11676
		1446
		4844
		7061
		12160
		12247
		12340
		7750
		8193
		8862
		9574
		11971
		12034
		12087
		12177
		12252
		7051
		11784
		11820
		11844
		11854
		3105
		4275
		5931
		6832
		11823
		11880
		11925
		11957
		17162
		1480
		4413
		4799
		9435
		11945
		11986
		19908
		11922
		12185
		19855
		246
		2388
		3409
		3781
		5243
		8127
		8534
		11747
		11801
		11837
		775
		895
		1831
		2334
		4856
		7055
		8086
		11824
		11881
		11900
		11936
		11958
		11987
		12027
		3034
		4365
		7533
		11767
		11845
		11855
		7307
		11774
		11800
		3010
		3428
		4537
		5498
		5838
		8717
		8940
		11259
		11409
		11422
		20466
		20468
		4974
		11466
		311
		6486
		8489
		11258
		11345
		11506
		5549
		8568
		11605
		20465
		821
		11014
		11055
		4188
		5503
		8153
		19931
		1178
		5055
		6786
		7700
		8745
		11391
		11400
		11435
		11450
		11473
		11509
		2542
		11490
		11514
		11634
		11672
		4076
		11482
		2601
		3574
		6901
		11613
	}
	weather={
		period={
			between={ 0.0 30.0 }
			temperature={ 20.0 20.0 }
			no_phenomenon=1.000
			rain_light=0.000
			rain_heavy=0.000
			snow=0.000
			blizzard=0.000
			arctic_water=0.000
			mud=0.000
			sandstorm=0.000
			min_snow_level=0.000
		}
		period={
			between={ 0.1 27.1 }
			temperature={ 20.0 20.0 }
			no_phenomenon=1.000
			rain_light=0.000
			rain_heavy=0.000
			snow=0.000
			blizzard=0.000
			arctic_water=0.000
			mud=0.000
			sandstorm=0.000
			min_snow_level=0.000
		}
		period={
			between={ 0.2 30.2 }
			temperature={ 20.0 20.0 }
			no_phenomenon=1.000
			rain_light=0.000
			rain_heavy=0.000
			snow=0.000
			blizzard=0.000
			arctic_water=0.000
			mud=0.000
			sandstorm=0.000
			min_snow_level=0.000
		}
		period={
			between={ 0.3 29.3 }
			temperature={ 20.0 20.0 }
			no_phenomenon=1.000
			rain_light=0.000
			rain_heavy=0.000
			snow=0.000
			blizzard=0.000
			arctic_water=0.000
			mud=0.000
			sandstorm=0.000
			min_snow_level=0.000
		}
		period={
			between={ 0.4 30.4 }
			temperature={ 20.0 20.0 }
			no_phenomenon=1.000
			rain_light=0.000
			rain_heavy=0.000
			snow=0.000
			blizzard=0.000
			arctic_water=0.000
			mud=0.000
			sandstorm=0.000
			min_snow_level=0.000
		}
		period={
			between={ 0.5 29.5 }
			temperature={ 20.0 20.0 }
			no_phenomenon=1.000
			rain_light=0.000
			rain_heavy=0.000
			snow=0.000
			blizzard=0.000
			arctic_water=0.000
			mud=0.000
			sandstorm=0.000
			min_snow_level=0.000
		}
		period={
			between={ 0.6 30.6 }
			temperature={ 20.0 20.0 }
			no_phenomenon=1.000
			rain_light=0.000
			rain_heavy=0.000
			snow=0.000
			blizzard=0.000
			arctic_water=0.000
			mud=0.000
			sandstorm=0.000
			min_snow_level=0.000
		}
		period={
			between={ 0.7 30.7 }
			temperature={ 20.0 20.0 }
			no_phenomenon=1.000
			rain_light=0.000
			rain_heavy=0.000
			snow=0.000
			blizzard=0.000
			arctic_water=0.000
			mud=0.000
			sandstorm=0.000
			min_snow_level=0.000
		}
		period={
			between={ 0.8 29.8 }
			temperature={ 20.0 20.0 }
			no_phenomenon=1.000
			rain_light=0.000
			rain_heavy=0.000
			snow=0.000
			blizzard=0.000
			arctic_water=0.000
			mud=0.000
			sandstorm=0.000
			min_snow_level=0.000
		}
		period={
			between={ 0.9 30.9 }
			temperature={ 20.0 20.0 }
			no_phenomenon=1.000
			rain_light=0.000
			rain_heavy=0.000
			snow=0.000
			blizzard=0.000
			arctic_water=0.000
			mud=0.000
			sandstorm=0.000
			min_snow_level=0.000
		}
		period={
			between={ 0.10 29.10 }
			temperature={ 20.0 20.0 }
			no_phenomenon=1.000
			rain_light=0.000
			rain_heavy=0.000
			snow=0.000
			blizzard=0.000
			arctic_water=0.000
			mud=0.000
			sandstorm=0.000
			min_snow_level=0.000
		}
		period={
			between={ 0.11 30.11 }
			temperature={ 20.0 20.0 }
			no_phenomenon=1.000
			rain_light=0.000
			rain_heavy=0.000
			snow=0.000
			blizzard=0.000
			arctic_water=0.000
			mud=0.000
			sandstorm=0.000
			min_snow_level=0.000
		}
	}

}
