strategic_region = {
	id = 25
	name = "STRATEGICREGION_25"
	provinces = {
		12871
		16767
		20070
		4148
		12942
		13017
		20085
		12972
		1384
		5066
		5909
		7116
		9564
		13070
		13091
		13101
		2343
		5815
		13146
		109
		1652
		3029
		3116
		4670
		5091
		5306
		5867
		8677
		13193
		13218
		13248
		13333
		13370
		20078
		20079
		3193
		13016
		13032
		20069
		4579
		4695
		5262
		6712
		9477
		13301
		20076
		20077
		1729
		3203
		3772
		7193
		13254
		13397
		926
		8476
		8859
		13192
		13201
		13247
		1014
		6411
		13354
		20074
		19939
		4368
		7894
		13018
		19938
		12973
		12986
		13028
		13082
		13131
		8364
		13004
		13055
		13071
		1773
		3849
		7587
		7661
		9129
		9326
		13050
		13187
		13270
		20080
		4590
		13214
		3605
		6110
		9434
		13178
		13224
		2771
		8775
		13255
		13288
		13326
		13343
		13386
		143
		13466
		3497
		13161
		17317
		5734
		6337
		6519
		7759
		8448
		13281
		13347
		13375
		13388
		13456
		13515
		2281
		13287
		13325
		20082
		20094
		3099
		4881
		5876
		6220
		6826
		13830
		13863
		20421
		4065
		6526
		14127
		17314
		20431
		3813
		7686
		14046
		14052
		14061
		14098
		13771
		13831
		208
		4501
		13588
		17799
		2562
		5152
		13698
		9623
		13587
		20455
		441
		2734
		13701
		2784
		4960
		8275
		13684
		13685
		13740
		13741
		13796
		13849
		13867
		5349
		13848
		13904
		13918
		13942
		20422
		1766
		5589
		9335
		13923
		13943
		20419
		20420
		1586
		4454
		7460
		13900
		13954
		13975
		20407
		20427
		20428
		2412
		4093
		8412
		13948
		18093
		6942
		8432
		13697
		13734
		18344
		20398
		20404
		13854
		9192
		13651
		20403
		3219
		8609
		13549
		17003
		20397
		3276
		5364
		13764
		13820
		13876
		20396
		8505
		14028
		14045
		14076
		14125
		6330
		14093
		14118
		14126
		20387
		2028
		5659
		9373
		20429
		14167
		14196
		191
		8801
		14146
		148
		4539
		5640
		7893
		4552
		5279
		14075
		20424
		1193
		3243
		3720
		5680
		6706
		7873
		14190
		14226
		14227
		20426
		2376
		2590
		3959
		8171
		14205
		14246
		20423
		4428
		8160
		14209
		14216
		14221
		14237
		14254
		14266
		20430
		4180
		6124
		14177
		14275
		17994
		2103
		14132
		14188
		18170
		8908
		14185
		14225
		8645
		8987
		9473
		14287
		14335
		14382
		8118
		9573
		14189
		14213
		14231
		14280
		20406
		909
		2556
		4191
		7928
		9172
		14286
		14451
		4534
		6321
		14354
		18118
		20244
		20245
		7456
		8339
		14420
		8544
		3662
		8299
		9624
		14236
		14285
		8270
		15985
		2136
		8942
		14265
		14312
		14323
		14328
		17510
		2506
		14201
		14259
		14124
		14166
		14195
		18030
		1650
		14117
		14145
		14147
		6183
		13896
		1471
		13940
		13973
		13996
		18597
		20856
		6478
		20854
		1912
		15862
		9578
		13671
		5714
		3102
		13507
		13650
		13695
		20857
		6868
		7519
		20090
		20858
		13644
		5710
		6192
		8822
		13727
		13732
		13776
		13787
		13829
		13870
		2576
		4296
		5873
		9600
		13823
		13873
		20089
		6629
		7724
		13758
		13775
		13847
		20086
		20865
		8886
		9472
		13917
		13926
		13963
		20087
		20088
		20853
		1228
		2623
		4640
		4652
		5215
		9117
		14020
		14050
		20855
		169
		6417
		8077
		8425
		13974
		14002
		14044
		1197
		7900
		8610
		8687
		14102
		14108
		14154
		4990
		13649
		13714
		3983
		9622
		14060
		14081
		20425
		1688
		14008
		892
		13899
		13947
		13988
		13989
		3272
		4657
		7483
		16298
		319
		9229
		153
		2624
		3164
		3341
		4997
		6439
		6647
		8165
		13886
		13941
		14003
		14011
		14055
		20091
		20405
		3620
		5594
		13958
		19226
		16808
		20093
		14059
		14080
		1760
		2152
		6432
		7452
		8055
		13490
		13514
		13539
		13559
		1309
		7774
		9607
		13640
		20861
		4570
		8222
		9333
		13707
		17112
		20859
		20860
		1685
		4098
		13656
		13790
		13824
		13842
		13853
		20095
		5120
		8839
		13696
		13913
		17640
		2107
		9046
		13946
		13980
		20399
		8542
		14027
		14097
		20092
		14018
		14051
		14074
		14084
		14092
		18337
		14012
		1300
		6158
		6954
		13733
		4583
		5119
		13745
		13777
		20864
		8276
		8706
		8910
		13489
		16272
		16718
		20400
		2431
		13385
		20401
		20402
		5129
		5336
		6551
		13508
		13520
		20862
		2362
		3806
		3872
		6336
		13574
		13614
		13632
		619
		6226
		6626
		8002
		13631
		13809
		18280
		5456
		13409
		13444
		20083
		879
		4526
		13366
		13403
		3990
		13432
		13433
		13503
		13580
		1047
		3592
		13239
		13359
		20081
		20084
		8547
		13488
		13529
		20075
		13487
		13548
		13564
		13579
		13608
	}
	weather={
		period={
			between={ 0.0 30.0 }
			temperature={ 20.0 20.0 }
			no_phenomenon=1.000
			rain_light=0.000
			rain_heavy=0.000
			snow=0.000
			blizzard=0.000
			arctic_water=0.000
			mud=0.000
			sandstorm=0.000
			min_snow_level=0.000
		}
		period={
			between={ 0.1 27.1 }
			temperature={ 20.0 20.0 }
			no_phenomenon=1.000
			rain_light=0.000
			rain_heavy=0.000
			snow=0.000
			blizzard=0.000
			arctic_water=0.000
			mud=0.000
			sandstorm=0.000
			min_snow_level=0.000
		}
		period={
			between={ 0.2 30.2 }
			temperature={ 20.0 20.0 }
			no_phenomenon=1.000
			rain_light=0.000
			rain_heavy=0.000
			snow=0.000
			blizzard=0.000
			arctic_water=0.000
			mud=0.000
			sandstorm=0.000
			min_snow_level=0.000
		}
		period={
			between={ 0.3 29.3 }
			temperature={ 20.0 20.0 }
			no_phenomenon=1.000
			rain_light=0.000
			rain_heavy=0.000
			snow=0.000
			blizzard=0.000
			arctic_water=0.000
			mud=0.000
			sandstorm=0.000
			min_snow_level=0.000
		}
		period={
			between={ 0.4 30.4 }
			temperature={ 20.0 20.0 }
			no_phenomenon=1.000
			rain_light=0.000
			rain_heavy=0.000
			snow=0.000
			blizzard=0.000
			arctic_water=0.000
			mud=0.000
			sandstorm=0.000
			min_snow_level=0.000
		}
		period={
			between={ 0.5 29.5 }
			temperature={ 20.0 20.0 }
			no_phenomenon=1.000
			rain_light=0.000
			rain_heavy=0.000
			snow=0.000
			blizzard=0.000
			arctic_water=0.000
			mud=0.000
			sandstorm=0.000
			min_snow_level=0.000
		}
		period={
			between={ 0.6 30.6 }
			temperature={ 20.0 20.0 }
			no_phenomenon=1.000
			rain_light=0.000
			rain_heavy=0.000
			snow=0.000
			blizzard=0.000
			arctic_water=0.000
			mud=0.000
			sandstorm=0.000
			min_snow_level=0.000
		}
		period={
			between={ 0.7 30.7 }
			temperature={ 20.0 20.0 }
			no_phenomenon=1.000
			rain_light=0.000
			rain_heavy=0.000
			snow=0.000
			blizzard=0.000
			arctic_water=0.000
			mud=0.000
			sandstorm=0.000
			min_snow_level=0.000
		}
		period={
			between={ 0.8 29.8 }
			temperature={ 20.0 20.0 }
			no_phenomenon=1.000
			rain_light=0.000
			rain_heavy=0.000
			snow=0.000
			blizzard=0.000
			arctic_water=0.000
			mud=0.000
			sandstorm=0.000
			min_snow_level=0.000
		}
		period={
			between={ 0.9 30.9 }
			temperature={ 20.0 20.0 }
			no_phenomenon=1.000
			rain_light=0.000
			rain_heavy=0.000
			snow=0.000
			blizzard=0.000
			arctic_water=0.000
			mud=0.000
			sandstorm=0.000
			min_snow_level=0.000
		}
		period={
			between={ 0.10 29.10 }
			temperature={ 20.0 20.0 }
			no_phenomenon=1.000
			rain_light=0.000
			rain_heavy=0.000
			snow=0.000
			blizzard=0.000
			arctic_water=0.000
			mud=0.000
			sandstorm=0.000
			min_snow_level=0.000
		}
		period={
			between={ 0.11 30.11 }
			temperature={ 20.0 20.0 }
			no_phenomenon=1.000
			rain_light=0.000
			rain_heavy=0.000
			snow=0.000
			blizzard=0.000
			arctic_water=0.000
			mud=0.000
			sandstorm=0.000
			min_snow_level=0.000
		}
	}

}
