strategic_region = {
	id = 28
	name = "STRATEGICREGION_28"
	provinces = {
		1626
		5056
		14425
		16606
		20122
		6990
		7554
		14501
		14534
		14543
		14555
		14580
		1085
		4719
		5233
		14599
		14601
		20248
		1000
		14469
		14503
		14618
		14627
		14648
		2880
		5434
		20203
		2899
		6063
		14490
		14495
		14524
		14567
		7243
		15967
		6031
		14487
		14502
		14509
		14541
		14561
		14564
		17669
		20200
		14459
		594
		2570
		5764
		6125
		14651
		14675
		20121
		2699
		3833
		5842
		6416
		7908
		8553
		9127
		14513
		16561
		20202
		20207
		2922
		6710
		20201
		8913
		1624
		5999
		17268
		20208
		14731
		17514
		3222
		7663
		14671
		20239
		18313
		6015
		14696
		14702
		14718
		16566
		20211
		2959
		4018
		8259
		14774
		20210
		14632
		14641
		20204
		4699
		5416
		14682
		14717
		14663
		17900
		17251
		20206
		3014
		4006
		20205
		218
		14685
		14706
		14712
		16991
		18347
		20180
		20186
		16759
		18320
		14705
		14730
		14818
		18356
		20221
		14817
		1435
		17925
		6800
		20181
		18160
		9055
		2986
		4425
		16828
		3051
		14769
		16177
		17237
		20168
		20169
		221
		7664
		14851
		17762
		19332
		4123
		17287
		16990
		20174
		21655
		16392
		21656
		14750
		20198
		20240
		3540
		14821
		14848
		16988
		20222
		4102
		14773
		2502
		20209
		16139
		14839
		18321
		14878
		19227
		14805
		14828
		17702
		20228
		20223
		3622
		4463
		4135
		20220
		20235
		2237
		9634
		19109
		20241
		20279
		6282
		7957
		20230
		12
		3246
		14886
		17870
		18647
		20224
		7645
		14872
		20233
		15141
		16006
		20231
		609
		7709
		8174
		15936
		16227
		20216
		20219
		20242
		15042
		15056
		15071
		15094
		18013
		6260
		6699
		20218
		14976
		20217
		17745
		3445
		3924
		5995
		8916
		18375
		20232
		14901
		14902
		18782
		15027
		18700
		20215
		17997
		20212
		14745
		14856
		17206
		6085
		16170
		18089
		705
		14770
		14797
		14857
		20196
		3571
		4184
		5004
		14949
		14979
		14984
		16173
		16184
		16444
		17294
		20199
		20225
		20234
		3389
		3587
		20226
		7358
		7748
		14879
		404
		2831
		17267
		18306
		20229
		20238
		17051
		20237
		1945
		4059
		4914
		20247
		16421
		6105
		14917
		14935
		14972
		20236
		20246
		86
		4288
		9101
		16237
		16929
		19158
		20214
		18692
		20213
		14891
		14912
		17543
		14608
		14630
		14633
		14654
		20382
		21639
		1528
		1911
		5277
		5590
		6815
		14801
		20366
		8212
		14819
		2863
		3963
		7297
		9253
		14841
		3778
		7095
		20379
		5956
		18389
		5020
		14676
		14699
		14703
		14742
		20381
		3994
		14860
		14938
		20367
		4535
		4746
		14870
		18970
		20380
		14898
		14899
		16993
		20369
		20384
		538
		14937
		17216
		17944
		14962
		493
		14911
		14942
		16350
		17923
		20377
		2208
		3640
		5563
		7228
		8328
		8938
		14840
		14882
		20371
		20376
		1821
		4984
		5140
		5846
		14806
		14820
		14881
		14892
		15941
		4751
		6806
		14904
		14907
		14931
		14968
		20197
		20378
		20362
		20374
		20375
		20368
		1232
		3850
		5935
		6078
		8606
		17167
		3347
		4012
		8884
		14697
		14704
		20364
		14755
		14791
		20365
		2194
		4522
		4965
		14619
		14649
		3505
		4300
		5223
		14672
		14746
		14761
		14766
		1957
		3434
		6798
		14833
		2677
		9464
		14823
		20373
		5454
		14693
		20385
		741
		1156
		4232
		6539
		14691
		14710
		3456
		14896
		2753
		3596
		8627
		9400
		14686
		14719
		14735
		14743
		14762
		20363
		1544
		1878
		7278
		9088
		14802
		14834
		17108
		20372
	}
	weather={
		period={
			between={ 0.0 30.0 }
			temperature={ 20.0 20.0 }
			no_phenomenon=1.000
			rain_light=0.000
			rain_heavy=0.000
			snow=0.000
			blizzard=0.000
			arctic_water=0.000
			mud=0.000
			sandstorm=0.000
			min_snow_level=0.000
		}
		period={
			between={ 0.1 27.1 }
			temperature={ 20.0 20.0 }
			no_phenomenon=1.000
			rain_light=0.000
			rain_heavy=0.000
			snow=0.000
			blizzard=0.000
			arctic_water=0.000
			mud=0.000
			sandstorm=0.000
			min_snow_level=0.000
		}
		period={
			between={ 0.2 30.2 }
			temperature={ 20.0 20.0 }
			no_phenomenon=1.000
			rain_light=0.000
			rain_heavy=0.000
			snow=0.000
			blizzard=0.000
			arctic_water=0.000
			mud=0.000
			sandstorm=0.000
			min_snow_level=0.000
		}
		period={
			between={ 0.3 29.3 }
			temperature={ 20.0 20.0 }
			no_phenomenon=1.000
			rain_light=0.000
			rain_heavy=0.000
			snow=0.000
			blizzard=0.000
			arctic_water=0.000
			mud=0.000
			sandstorm=0.000
			min_snow_level=0.000
		}
		period={
			between={ 0.4 30.4 }
			temperature={ 20.0 20.0 }
			no_phenomenon=1.000
			rain_light=0.000
			rain_heavy=0.000
			snow=0.000
			blizzard=0.000
			arctic_water=0.000
			mud=0.000
			sandstorm=0.000
			min_snow_level=0.000
		}
		period={
			between={ 0.5 29.5 }
			temperature={ 20.0 20.0 }
			no_phenomenon=1.000
			rain_light=0.000
			rain_heavy=0.000
			snow=0.000
			blizzard=0.000
			arctic_water=0.000
			mud=0.000
			sandstorm=0.000
			min_snow_level=0.000
		}
		period={
			between={ 0.6 30.6 }
			temperature={ 20.0 20.0 }
			no_phenomenon=1.000
			rain_light=0.000
			rain_heavy=0.000
			snow=0.000
			blizzard=0.000
			arctic_water=0.000
			mud=0.000
			sandstorm=0.000
			min_snow_level=0.000
		}
		period={
			between={ 0.7 30.7 }
			temperature={ 20.0 20.0 }
			no_phenomenon=1.000
			rain_light=0.000
			rain_heavy=0.000
			snow=0.000
			blizzard=0.000
			arctic_water=0.000
			mud=0.000
			sandstorm=0.000
			min_snow_level=0.000
		}
		period={
			between={ 0.8 29.8 }
			temperature={ 20.0 20.0 }
			no_phenomenon=1.000
			rain_light=0.000
			rain_heavy=0.000
			snow=0.000
			blizzard=0.000
			arctic_water=0.000
			mud=0.000
			sandstorm=0.000
			min_snow_level=0.000
		}
		period={
			between={ 0.9 30.9 }
			temperature={ 20.0 20.0 }
			no_phenomenon=1.000
			rain_light=0.000
			rain_heavy=0.000
			snow=0.000
			blizzard=0.000
			arctic_water=0.000
			mud=0.000
			sandstorm=0.000
			min_snow_level=0.000
		}
		period={
			between={ 0.10 29.10 }
			temperature={ 20.0 20.0 }
			no_phenomenon=1.000
			rain_light=0.000
			rain_heavy=0.000
			snow=0.000
			blizzard=0.000
			arctic_water=0.000
			mud=0.000
			sandstorm=0.000
			min_snow_level=0.000
		}
		period={
			between={ 0.11 30.11 }
			temperature={ 20.0 20.0 }
			no_phenomenon=1.000
			rain_light=0.000
			rain_heavy=0.000
			snow=0.000
			blizzard=0.000
			arctic_water=0.000
			mud=0.000
			sandstorm=0.000
			min_snow_level=0.000
		}
	}

}
