strategic_region = {
	id = 31
	name = "STRATEGICREGION_31"
	provinces = {
		1517
		1798
		2063
		2607
		3584
		4224
		5304
		5501
		8008
		8243
		9096
		9961
		10017
		10068
		10074
		19069
		19297
		19532
		19595
		3011
		3857
		4710
		5743
		5844
		6554
		8871
		9158
		9621
		9936
		9993
		10025
		10027
		19056
		19064
		19602
		19633
		5272
		6872
		7078
		8902
		9998
		10000
		10043
		19055
		19093
		19537
		19568
		580
		1106
		1602
		1989
		3421
		5901
		6817
		10008
		10015
		10039
		10063
		19063
		19076
		19301
		19302
		19535
		19594
		944
		1565
		3071
		7662
		10045
		10047
		10065
		10084
		10092
		18769
		19060
		19536
		19562
		784
		2616
		3166
		5580
		10011
		10019
		10030
		10051
		10058
		18665
		19541
		19542
		19601
		711
		738
		2474
		3916
		4571
		5886
		6315
		6455
		6666
		7773
		8197
		8572
		10120
		10137
		10144
		10163
		10164
		10169
		10185
		10187
		10215
		19083
		19303
		19304
		19305
		19306
		19534
		19566
		19567
		1844
		2146
		2515
		2962
		3545
		4039
		4645
		5975
		6413
		7259
		8066
		10214
		10241
		10250
		10263
		10266
		10268
		10309
		10339
		18580
		19597
		2701
		3210
		3313
		3352
		4811
		8005
		8953
		8990
		10242
		10292
		10306
		10362
		4872
		4886
		6145
		6329
		6621
		6907
		10378
		10387
		10397
		10421
		10466
		19099
		19309
		19564
		19599
		19603
		1110
		2259
		4611
		6463
		6972
		7066
		8772
		10465
		10525
		10537
		10621
		238
		429
		10475
		19604
		9385
		10580
		10588
		10620
		10626
		9540
		1155
		1383
		3899
		5438
		7431
		9486
		10104
		10133
		10158
		10159
		10182
		10210
		18684
		19070
		19565
		588
		1742
		1835
		3516
		4619
		6157
		6780
		7298
		7323
		9481
		10077
		10110
		10125
		10162
		10184
		10211
		10248
		10255
		10262
		10265
		10285
		10322
		18587
		19632
		19631
		19630
		19629
		19628
		869
		903
		2178
		5476
		6215
		8861
		9846
		9868
		268
		275
		316
		757
		825
		911
		1005
		1375
		1505
		1588
		1654
		2252
		2391
		2997
		2998
		3109
		3387
		3425
		3808
		3814
		5309
		5411
		7327
		7683
		7934
		8231
		8836
		9200
		9502
		9776
		9779
		9788
		9797
		9814
		18566
		18602
		18915
		18933
		18940
		19272
		19273
		19276
		19548
		19571
		19572
		19573
		19574
		19576
		19577
		515
		752
		1058
		1977
		2098
		2099
		2199
		2318
		2386
		2651
		2745
		4286
		5606
		7080
		8087
		9321
		9778
		9809
		19280
		19539
		19544
		19545
		19546
		19547
		19575
		19591
		129
		501
		735
		1030
		1157
		1392
		2858
		5686
		5721
		7877
		8000
		8678
		8771
		9505
		9843
		9855
		9883
		9895
		9904
		19012
		19048
		19294
		19538
		19569
		19570
		19600
		287
		565
		1415
		1549
		2892
		2897
		3008
		3312
		3737
		4312
		4671
		4890
		5430
		5747
		7263
		7891
		9339
		9907
		9946
		9948
		9952
		9972
		9977
		19288
		19592
		19593
		37
		19636
		19634
		19635
		19637
		19638
		19639
		19640
		19641
		19651
		131
		3122
		3522
		6825
		8873
		19582
		78
		248
		407
		615
		1229
		1527
		2501
		3832
		7652
		9690
		9693
		18532
		19250
		19559
		19579
		19605
		426
		559
		855
		3996
		19580
		19581
		446
		837
		905
		2039
		2096
		4048
		5211
		325
		645
		1144
		2222
		2913
		3343
		3650
		3671
		5822
		6306
		7222
		9747
		9756
		18546
		18595
		18909
		19265
		19269
		19549
		19550
		19551
		19552
		19553
		19554
		19555
		19586
		19587
		19588
		19590
		419
		1331
		1418
		1949
		3360
		4802
		8663
		9721
		9722
		9731
		9738
		18591
		18894
		19259
		19261
		19262
		19556
		19584
		19585
		646
		932
		1081
		1202
		1534
		1607
		2241
		2338
		2436
		2521
		4756
		9491
		9708
		18758
		18829
		18845
		19251
		19253
		19255
		19256
		19258
		19557
		19558
		19560
		369
		817
		980
		1007
		1395
		1550
		1632
		2466
		2996
		3094
		5325
		6028
		6448
		7134
		7245
		9754
		9766
		9767
		9777
		19540
		19578
		19583
		19589
	}
	weather = {
		period = {
			min_snow_level = 0
			between = {
				0
				30.11
			}
			temperature = {
				0
				0
			}
		}
	}
}
