strategic_region = {
	id = 33
	name = "STRATEGICREGION_33"
	provinces = {
		19714
		364
		201
		2864
		3087
		3113
		3477
		3922
		4357
		4511
		4786
		5531
		5830
		5897
		6342
		7164
		7656
		7958
		8058
		8450
		9628
		9688
		9696
		9702
		9709
		9710
		9724
		9726
		15995
		16016
		16063
		16171
		16192
		16291
		16380
		16381
		16433
		16518
		16560
		16596
		16657
		16951
		16958
		17059
		17187
		17247
		17473
		17494
		17496
		17562
		17700
		17969
		17982
		18004
		18207
		18496
		18498
		18499
		18501
		18506
		18510
		18511
		18518
		18561
		18564
		18607
		18621
		18622
		18657
		18675
		18687
		18695
		18718
		18754
		18768
		18811
		18817
		18819
		18824
		18828
		18830
		18833
		18854
		18856
		18867
		19247
		19252
		19254
		19708
		19709
		200
		591
		1330
		3093
		3280
		5286
		9686
		18732
		18808
		19246
		19673
		19674
		19675
		137
		1279
		6059
		9703
		9715
		16307
		16315
		17393
		17581
		17823
		18052
		18156
		18555
		18857
		18861
		19257
		19707
		19710
		19723
		718
		3728
		9705
		15913
		17979
		71
		16858
		17140
		19706
		158
		1296
		2182
		2393
		3826
		4343
		4603
		9783
		9787
		9804
		15924
		15993
		16034
		16244
		16285
		16934
		17292
		17304
		17523
		17535
		17861
		18097
		18373
		18487
		18543
		18770
		18932
		18935
		183
		230
		399
		447
		720
		930
		1583
		1974
		2112
		2963
		3637
		3643
		4424
		4464
		5386
		6819
		9730
		9758
		9770
		16228
		16732
		16757
		17253
		17464
		17938
		18001
		18039
		18484
		18674
		18705
		18727
		18765
		18864
		18874
		18903
		18906
		18908
		18910
		18917
		19268
		19721
		19724
		755
		2019
		2811
		2941
		3355
		3458
		3993
		5323
		5593
		9728
		16866
		17259
		17360
		17455
		17757
		17796
		17875
		17961
		18056
		18080
		18574
		18583
		18870
		18871
		18877
		18883
		18897
		18900
		18902
		18904
		18912
		18914
		19264
		19266
		19267
		19711
		19719
		19720
		1247
		1307
		3695
		4833
		9834
		15962
		16469
		17730
		17927
		18577
		18599
		18629
		18743
		18938
		19718
		9
		1749
		7153
		9790
		16493
		16680
		17153
		17399
		18091
		18939
		18943
		19274
		3247
		8018
		17983
		18072
		18124
		18231
		18663
		18964
		18965
		9619
		7231
		3884
		18405
		18945
		18946
		18958
		8707
		959
		1864
		3069
		3261
		3920
		4162
		6318
		8211
		9228
		9825
		9851
		9871
		16312
		16452
		16763
		17113
		17240
		17325
		17908
		18142
		18164
		18637
		18984
		18991
		19716
		19726
		4899
		9928
		16020
		16676
		16802
		17094
		17920
		19722
		348
		405
		1915
		3003
		5022
		9853
		9864
		9905
		16663
		17080
		17610
		18129
		18504
		18513
		18515
		3410
		5242
		16549
		16709
		16883
		17603
		17622
		18028
		18475
		18578
		18669
		18760
		51
		19
		829
		844
		986
		170
		688
		464
		667
		838
		2405
		2078
		1675
		1451
		285
		1961
		2754
		346
		786
		604
		463
		2123
		1481
		1979
		16
		2999
		19283
		19717
		2645
		2813
		3546
		4073
		4451
		5264
		7244
		7320
		9829
		9862
		16054
		16130
		16136
		16143
		16240
		16254
		16443
		16528
		16574
		16583
		16855
		17091
		17565
		17580
		17689
		18751
		19009
		2642
		3402
		5130
		5638
		7151
		9877
		9942
		16211
		16419
		17101
		17353
		18517
		19045
		19047
		19664
		2071
		2342
		5283
		9404
		9943
		9949
		16702
		16824
		17408
		18519
		19290
		19292
		9959
		16602
	}
	weather={
		period={
			between={ 0.0 30.0 }
			temperature={ 20.0 20.0 }
			no_phenomenon=1.000
			rain_light=0.000
			rain_heavy=0.000
			snow=0.000
			blizzard=0.000
			arctic_water=0.000
			mud=0.000
			sandstorm=0.000
			min_snow_level=0.000
		}
		period={
			between={ 0.1 27.1 }
			temperature={ 20.0 20.0 }
			no_phenomenon=1.000
			rain_light=0.000
			rain_heavy=0.000
			snow=0.000
			blizzard=0.000
			arctic_water=0.000
			mud=0.000
			sandstorm=0.000
			min_snow_level=0.000
		}
		period={
			between={ 0.2 30.2 }
			temperature={ 20.0 20.0 }
			no_phenomenon=1.000
			rain_light=0.000
			rain_heavy=0.000
			snow=0.000
			blizzard=0.000
			arctic_water=0.000
			mud=0.000
			sandstorm=0.000
			min_snow_level=0.000
		}
		period={
			between={ 0.3 29.3 }
			temperature={ 20.0 20.0 }
			no_phenomenon=1.000
			rain_light=0.000
			rain_heavy=0.000
			snow=0.000
			blizzard=0.000
			arctic_water=0.000
			mud=0.000
			sandstorm=0.000
			min_snow_level=0.000
		}
		period={
			between={ 0.4 30.4 }
			temperature={ 20.0 20.0 }
			no_phenomenon=1.000
			rain_light=0.000
			rain_heavy=0.000
			snow=0.000
			blizzard=0.000
			arctic_water=0.000
			mud=0.000
			sandstorm=0.000
			min_snow_level=0.000
		}
		period={
			between={ 0.5 29.5 }
			temperature={ 20.0 20.0 }
			no_phenomenon=1.000
			rain_light=0.000
			rain_heavy=0.000
			snow=0.000
			blizzard=0.000
			arctic_water=0.000
			mud=0.000
			sandstorm=0.000
			min_snow_level=0.000
		}
		period={
			between={ 0.6 30.6 }
			temperature={ 20.0 20.0 }
			no_phenomenon=1.000
			rain_light=0.000
			rain_heavy=0.000
			snow=0.000
			blizzard=0.000
			arctic_water=0.000
			mud=0.000
			sandstorm=0.000
			min_snow_level=0.000
		}
		period={
			between={ 0.7 30.7 }
			temperature={ 20.0 20.0 }
			no_phenomenon=1.000
			rain_light=0.000
			rain_heavy=0.000
			snow=0.000
			blizzard=0.000
			arctic_water=0.000
			mud=0.000
			sandstorm=0.000
			min_snow_level=0.000
		}
		period={
			between={ 0.8 29.8 }
			temperature={ 20.0 20.0 }
			no_phenomenon=1.000
			rain_light=0.000
			rain_heavy=0.000
			snow=0.000
			blizzard=0.000
			arctic_water=0.000
			mud=0.000
			sandstorm=0.000
			min_snow_level=0.000
		}
		period={
			between={ 0.9 30.9 }
			temperature={ 20.0 20.0 }
			no_phenomenon=1.000
			rain_light=0.000
			rain_heavy=0.000
			snow=0.000
			blizzard=0.000
			arctic_water=0.000
			mud=0.000
			sandstorm=0.000
			min_snow_level=0.000
		}
		period={
			between={ 0.10 29.10 }
			temperature={ 20.0 20.0 }
			no_phenomenon=1.000
			rain_light=0.000
			rain_heavy=0.000
			snow=0.000
			blizzard=0.000
			arctic_water=0.000
			mud=0.000
			sandstorm=0.000
			min_snow_level=0.000
		}
		period={
			between={ 0.11 30.11 }
			temperature={ 20.0 20.0 }
			no_phenomenon=1.000
			rain_light=0.000
			rain_heavy=0.000
			snow=0.000
			blizzard=0.000
			arctic_water=0.000
			mud=0.000
			sandstorm=0.000
			min_snow_level=0.000
		}
	}

}
