strategic_region = {
	id = 34
	name = "STRATEGICREGION_34"
	provinces = {
		9134
		3554
		677
		7413
		9897
		9514
		8768
		4712
		9795
		9803
		3765
		9818
		17561
		18208
		17530
		17311
		60
		88
		1801
		9826
		16369
		16503
		16789
		17020
		17303
		1236
		18205
		4134
		3459
		19277
		17427
		18217
		18620
		17415
		17696
		17781
		17951
		18197
		954
		19281
		1347
		2051
		2877
		3291
		3351
		4724
		7258
		7720
		7960
		8769
		9840
		9911
		16036
		17308
		17992
		18019
		18264
		18557
		18976
		19016
		19036
		45
		349
		1539
		3961
		4096
		7219
		9354
		9821
		9854
		16338
		17376
		17443
		17512
		17741
		17871
		17945
		17986
		18994
		18998
		1563
		3776
		16347
		16852
		16948
		17857
		18220
		540
		1923
		2635
		2756
		324
		534
		834
		983
		1241
		1333
		1604
		1881
		1901
		2979
		3052
		3319
		3946
		5163
		6610
		6655
		6854
		8424
		9780
		15911
		16064
		16688
		16803
		16910
		17105
		17172
		17513
		17693
		18204
		18214
		18919
		18923
		49
		736
		814
		861
		1142
		1468
		2568
		3608
		4604
		5653
		6188
		6305
		7498
		8471
		16251
		17248
		24
		29
		808
		976
		1206
		2124
		2314
		2693
		4247
		5703
		5761
		9736
		9742
		9759
		9765
		16082
		16273
		16497
		16555
		17067
		17269
		17359
		17520
		17916
		18051
		18206
		18924
		18926
		3696
		4815
		2949
		9796
		1138
		4703
		2079
		8478
		9870
		3441
		17208
		1299
		5288
		31
		199
		357
		693
		778
		823
		856
		1339
		1571
		1847
		2383
		2533
		2773
		2794
		3169
		3186
		3480
		3567
		3602
		3625
		5196
		5273
		5499
		5942
		5951
		6089
		7059
		7553
		9800
		9823
		9835
		9837
		9841
		9845
		9857
		9866
		9872
		9875
		9878
		9884
		9892
		9912
		16258
		16401
		16430
		16609
		16811
		16879
		16979
		17717
		17718
		18020
		18027
		18277
		18284
		18285
		18291
		18497
		18509
		9810
		2206
		9806
		262
		1618
		18265
		16386
		1488
		4937
		9775
		3187
		2791
		386
		6993
		4127
		1551
		8557
		3063
		8288
		5514
		800
		7762
		9773
		1031
		16947
		2654
		17358
		4698
		17970
		16766
		2544
		9399
		1484
		4427
		3294
		9903
		9879
		6509
		9858
		2062
		1525
		2516
		5156
		5404
		1414
		5347
		6861
		5377
		228
		245
		466
		762
		772
		883
		927
		937
		1479
		2173
		2355
		2611
		2981
		3086
		3504
		3607
		4507
		4748
		4827
		5483
		5840
		6169
		7564
		7985
		8285
		8319
		8391
		8800
		9020
		9801
		9831
		15961
		16071
		16463
		16665
		17369
		17611
		54
		150
		171
		309
		541
		603
		666
		815
		852
		1083
		1119
		1327
		1412
		1750
		1765
		1793
		2261
		2350
		2392
		2634
		2793
		2826
		2827
		3142
		3172
		3426
		3748
		4030
		4074
		4207
		4290
		4466
		4468
		4540
		4564
		4623
		5707
		5744
		5783
		6263
		6397
		6867
		7216
		7403
		7420
		8783
		8795
		9352
		9771
		9786
		9794
		9798
		9807
		9808
		17882
		18731
		26
		115
		192
		270
		575
		1125
		1184
		1354
		1358
		1370
		1633
		1869
		1962
		2141
		2172
		2353
		2799
		2816
		3095
		3171
		3606
		3659
		4064
		4144
		4261
		4567
		4778
		4995
		5135
		5179
		5799
		6052
		6713
		6931
		7562
		8548
		8613
		9286
		9522
		9582
		9817
		9819
		9824
		9833
		9838
		9839
		9847
		9856
		9873
		9874
		9876
		9887
		9894
		9898
		9901
		9913
		9921
		18
		126
		177
		179
		323
		403
		557
		617
		663
		691
		763
		792
		1062
		1189
		1430
		1538
		1601
		1696
		1748
		1808
		2102
		2162
		2378
		2449
		2572
		2639
		2685
		3382
		3503
		3874
		3964
		4028
		4327
		4905
		5760
		6262
		6541
		7678
		7856
		8063
		9436
		9714
		9718
		9719
		9737
		9744
		9750
		9753
		16533
		17363
		17451
		17477
		18350
		3501
		7641
		890
		3510
		9735
		292
		16474
	}
	weather={
		period={
			between={ 0.0 30.0 }
			temperature={ 20.0 20.0 }
			no_phenomenon=1.000
			rain_light=0.000
			rain_heavy=0.000
			snow=0.000
			blizzard=0.000
			arctic_water=0.000
			mud=0.000
			sandstorm=0.000
			min_snow_level=0.000
		}
		period={
			between={ 0.1 27.1 }
			temperature={ 20.0 20.0 }
			no_phenomenon=1.000
			rain_light=0.000
			rain_heavy=0.000
			snow=0.000
			blizzard=0.000
			arctic_water=0.000
			mud=0.000
			sandstorm=0.000
			min_snow_level=0.000
		}
		period={
			between={ 0.2 30.2 }
			temperature={ 20.0 20.0 }
			no_phenomenon=1.000
			rain_light=0.000
			rain_heavy=0.000
			snow=0.000
			blizzard=0.000
			arctic_water=0.000
			mud=0.000
			sandstorm=0.000
			min_snow_level=0.000
		}
		period={
			between={ 0.3 29.3 }
			temperature={ 20.0 20.0 }
			no_phenomenon=1.000
			rain_light=0.000
			rain_heavy=0.000
			snow=0.000
			blizzard=0.000
			arctic_water=0.000
			mud=0.000
			sandstorm=0.000
			min_snow_level=0.000
		}
		period={
			between={ 0.4 30.4 }
			temperature={ 20.0 20.0 }
			no_phenomenon=1.000
			rain_light=0.000
			rain_heavy=0.000
			snow=0.000
			blizzard=0.000
			arctic_water=0.000
			mud=0.000
			sandstorm=0.000
			min_snow_level=0.000
		}
		period={
			between={ 0.5 29.5 }
			temperature={ 20.0 20.0 }
			no_phenomenon=1.000
			rain_light=0.000
			rain_heavy=0.000
			snow=0.000
			blizzard=0.000
			arctic_water=0.000
			mud=0.000
			sandstorm=0.000
			min_snow_level=0.000
		}
		period={
			between={ 0.6 30.6 }
			temperature={ 20.0 20.0 }
			no_phenomenon=1.000
			rain_light=0.000
			rain_heavy=0.000
			snow=0.000
			blizzard=0.000
			arctic_water=0.000
			mud=0.000
			sandstorm=0.000
			min_snow_level=0.000
		}
		period={
			between={ 0.7 30.7 }
			temperature={ 20.0 20.0 }
			no_phenomenon=1.000
			rain_light=0.000
			rain_heavy=0.000
			snow=0.000
			blizzard=0.000
			arctic_water=0.000
			mud=0.000
			sandstorm=0.000
			min_snow_level=0.000
		}
		period={
			between={ 0.8 29.8 }
			temperature={ 20.0 20.0 }
			no_phenomenon=1.000
			rain_light=0.000
			rain_heavy=0.000
			snow=0.000
			blizzard=0.000
			arctic_water=0.000
			mud=0.000
			sandstorm=0.000
			min_snow_level=0.000
		}
		period={
			between={ 0.9 30.9 }
			temperature={ 20.0 20.0 }
			no_phenomenon=1.000
			rain_light=0.000
			rain_heavy=0.000
			snow=0.000
			blizzard=0.000
			arctic_water=0.000
			mud=0.000
			sandstorm=0.000
			min_snow_level=0.000
		}
		period={
			between={ 0.10 29.10 }
			temperature={ 20.0 20.0 }
			no_phenomenon=1.000
			rain_light=0.000
			rain_heavy=0.000
			snow=0.000
			blizzard=0.000
			arctic_water=0.000
			mud=0.000
			sandstorm=0.000
			min_snow_level=0.000
		}
		period={
			between={ 0.11 30.11 }
			temperature={ 20.0 20.0 }
			no_phenomenon=1.000
			rain_light=0.000
			rain_heavy=0.000
			snow=0.000
			blizzard=0.000
			arctic_water=0.000
			mud=0.000
			sandstorm=0.000
			min_snow_level=0.000
		}
	}

}
