strategic_region = {
	id = 35
	name = "STRATEGICREGION_35"
	provinces = {
		5583
		13241
		793
		3713
		4939
		13302
		212
		1900
		5207
		8928
		12553
		12723
		12811
		12878
		12884
		12933
		730
		3331
		4895
		6117
		12913
		12965
		6670
		4574
		5950
		13282
		478
		1833
		5342
		5657
		6149
		6523
		7707
		8482
		12830
		4027
		5581
		12642
		4206
		3104
		5954
		6897
		7032
		8526
		13910
		14022
		19325
		378
		3327
		5474
		8521
		8522
		13753
		555
		3442
		3519
		4417
		7076
		13759
		13815
		13887
		15884
		19324
		114
		2511
		4222
		9242
		9345
		13826
		13905
		2396
		7931
		9014
		13523
		13569
		274
		5431
		6310
		8497
		13927
		1951
		4149
		5717
		13699
		5245
		9131
		549
		1163
		2783
		8636
		13955
		13977
		20449
		20450
		2716
		8939
		20390
		20448
		2024
		13627
		13686
		306
		1778
		3165
		6368
		7338
		7507
		12849
		12860
		3215
		5249
		13233
		6235
		6637
		13367
		13411
		1180
		3461
		5626
		9381
		5134
		13182
		13249
		510
		2143
		4105
		4374
		6353
		7389
		8932
		13005
		13034
		13076
		13084
		13140
		583
		928
		1025
		9303
		13139
		13225
		13278
		2330
		3523
		6544
		14506
		380
		641
		1417
		2254
		2835
		3012
		5923
		6966
		9520
		9575
		14303
		14346
		14362
		14445
		14379
		14393
		14410
		14453
		434
		951
		5076
		13806
		14296
		14302
		14330
		14337
		1929
		14148
		14178
		14186
		14243
		719
		3436
		4341
		4784
		9650
		14217
		14228
		14274
		15838
		141
		6153
		14325
		14338
		16299
		6224
		8718
		14478
		1507
		4523
		8184
		14023
		1040
		1885
		2539
		3138
		3575
		14029
		14030
		14085
		14100
		14113
		14133
		15839
		15844
		1117
		3712
		3795
		6422
		7039
		8851
		9188
		13766
		312
		1837
		5061
		5632
		13878
		13928
		13990
		15879
		8064
		13773
		205
		487
		810
		2509
		3653
		6792
		9530
		9661
		13855
		2059
		5157
		5260
		9218
		13838
		401
		1509
		4892
		6360
		6657
		6669
		7299
		7570
		8038
		13915
		13978
		15843
		1707
		5114
		5144
		7543
		8669
		13728
		13788
		214
		573
		1010
		4159
		6406
		13642
		13673
		13705
		13735
		13864
		3340
		3684
		4987
		5469
		6139
		13551
		13582
		5369
		9036
		9380
		9626
		13531
		13652
		13720
		55
		138
		1636
		2589
		2926
		7054
		9324
		13772
		13791
		13844
		13901
		1683
		3175
		5453
		5694
		7369
		9209
		13242
		13328
		13427
		13450
		1281
		5757
		5882
		9169
		13250
		13315
		193
		806
		940
		2628
		13997
		2916
		3974
		4629
		5422
		5910
		6178
		9542
		13382
		13387
		13458
		5293
		6852
		13765
		13832
		13888
		15855
		6434
		9060
		3706
		13141
		5108
		1873
		13258
		537
		13390
		13337
		9519
		13283
		13436
		6137
		6084
		2469
		14
		9440
		13183
		4130
		7772
		8006
		8380
		8945
		9586
		12789
		12801
		12831
		12866
		12867
		12997
		5631
		7008
		8363
		8436
		12745
		12794
		12827
		15875
		1100
		2255
		4560
		12998
		13019
		13042
		13051
		13102
		13109
		13184
		13203
		2357
		4221
		7385
		7436
		8291
		9329
		12874
		12934
		12949
		13063
		13093
		13110
		13147
		2457
		1543
		5746
		6162
		6521
		7102
		12574
		12602
		2750
		4388
		4676
		8652
		8698
		12774
		12828
		12868
		15779
		1073
		2691
		5464
		6996
		7979
		13174
		13195
		13284
		13316
		13405
		15869
		1245
		1971
		3478
		4991
		9447
		9631
		13504
		13581
		13628
		13709
		15854
		66
		112
		254
		1147
		3324
		8675
		9304
		13290
		13317
		1054
		5123
		8879
		13550
		13610
		13687
		8481
		13575
		1680
		1724
		2097
		2669
		13368
		13406
		2406
		4869
		7924
		13215
		13234
		13398
		776
		6473
		7249
		8915
		13156
		13188
		13263
		15847
		2717
		8418
		13440
		13477
		945
		2390
		3179
		4202
		7508
		13148
		13305
		13505
		13590
		438
		2598
		4020
		7778
		12380
		12452
		12499
		12572
		7169
		4298
		6813
		12238
		8203
		8917
		12174
		876
		8854
		12308
		12432
		15772
		4035
		5234
		5256
		7453
		12486
		12573
		12633
		12703
		1482
		4646
		4853
		4855
		6101
		9156
		12133
		12329
		13075
		15774
		3098
		4145
		6795
		7868
		8342
		12072
		12154
		12169
		3674
		3970
		4255
		4852
		8021
		12441
		12632
		12691
		12763
		1338
		2764
		3154
		12750
		12764
		12841
		2025
		13272
		12436
		12357
		2965
		5957
		4731
		3709
		9243
		8295
		7182
		947
		4320
		4444
		1597
		1701
		12433
		119
		4058
		7910
		9061
		12476
		12532
		12575
		2966
		3532
		12096
		12223
		12263
		12300
		12315
		12569
		3652
		4927
		7301
		12437
		12507
		12513
		36
		936
		7170
		8518
		12309
		12330
		12365
		12459
		12526
		15762
		15835
		853
		2130
		4797
		5446
		8602
		12146
		12254
		12260
		12280
		449
		469
		1469
		1931
		3344
		5356
		12060
		15819
		15822
		204
		6587
		11738
		11786
		11827
		11997
		12074
		15837
		264
		241
		1559
		11882
		1391
		8409
		11750
		11826
		1892
		4959
		5194
		6202
		9230
		12010
		12048
		12073
		12081
		331
		1542
		6131
		6644
		12609
		12618
		12734
		12751
		260
		12477
		12546
		3498
		6021
		2475
		7150
		3561
		8029
		12186
		15845
		499
		613
		933
		6083
		6911
		8030
		9220
		12270
		12349
		12407
		12465
		12500
		12501
		172
		1382
		5348
		6569
		12366
		12453
		12464
		351
		1887
		2066
		3211
		4780
		8611
		12229
		12281
		2612
		1280
		1212
		1257
		3054
		3898
		7511
		8446
		11802
		11916
		12006
		15834
		4837
		12554
		2617
		3320
		12966
		13007
		13020
		13072
		225
		1456
		2825
		5281
		7455
		12590
		12650
		12802
		1679
		4663
		4854
		5097
		6100
		6126
		6628
		6680
		7525
		9606
		12988
		2158
		2547
		3886
		4257
		4586
		6239
		6646
		9633
		12649
		12707
		12809
		12832
		12897
		12989
		13006
		72
		3066
		3267
		5888
		6511
		6734
		6981
		8427
		9591
		12589
		12667
		12765
		7125
		12603
		12668
		536
		695
		819
		4121
		4580
		13085
		7547
		3690
		4600
		8754
		13797
		13798
		305
		307
		8833
		13742
		13845
		13874
		865
		1641
		2801
		7364
		7799
		8175
		8777
		9296
		13064
		13142
		13279
		13412
		314
		6077
		965
		2275
		5237
		5401
		13344
		13378
		13451
		13478
		15840
		6189
		6999
		7093
		13299
		13361
		13407
		813
		1504
		9235
		9256
		13498
		13516
		13565
		13622
		1709
		8020
		13226
		13509
		19852
		17
		147
		3084
		3710
		8462
		9191
		13570
		13645
		13674
		7322
		8896
		2532
		7149
		7423
		8437
		13043
		13189
		13280
		13391
		3026
		8361
		13163
		13220
		12921
		12935
		12879
		4244
		1595
		2008
		2329
		362
		520
		12651
		12684
		2335
		5523
		5661
		6828
		8234
		8379
		13162
		448
		1214
		3632
		3941
		4379
		8674
		9239
		9602
		12982
		13098
		15768
		872
		2021
		3254
		3711
		5201
		8101
		9323
		12725
		12803
		12885
		1015
		2069
		3136
		3268
		8340
		9147
		12643
		12756
		12842
		3002
		4630
		7398
		12683
		12724
		12795
		12850
	}
	weather={
		period={
			between={ 0.0 30.0 }
			temperature={ 20.0 20.0 }
			no_phenomenon=1.000
			rain_light=0.000
			rain_heavy=0.000
			snow=0.000
			blizzard=0.000
			arctic_water=0.000
			mud=0.000
			sandstorm=0.000
			min_snow_level=0.000
		}
		period={
			between={ 0.1 27.1 }
			temperature={ 20.0 20.0 }
			no_phenomenon=1.000
			rain_light=0.000
			rain_heavy=0.000
			snow=0.000
			blizzard=0.000
			arctic_water=0.000
			mud=0.000
			sandstorm=0.000
			min_snow_level=0.000
		}
		period={
			between={ 0.2 30.2 }
			temperature={ 20.0 20.0 }
			no_phenomenon=1.000
			rain_light=0.000
			rain_heavy=0.000
			snow=0.000
			blizzard=0.000
			arctic_water=0.000
			mud=0.000
			sandstorm=0.000
			min_snow_level=0.000
		}
		period={
			between={ 0.3 29.3 }
			temperature={ 20.0 20.0 }
			no_phenomenon=1.000
			rain_light=0.000
			rain_heavy=0.000
			snow=0.000
			blizzard=0.000
			arctic_water=0.000
			mud=0.000
			sandstorm=0.000
			min_snow_level=0.000
		}
		period={
			between={ 0.4 30.4 }
			temperature={ 20.0 20.0 }
			no_phenomenon=1.000
			rain_light=0.000
			rain_heavy=0.000
			snow=0.000
			blizzard=0.000
			arctic_water=0.000
			mud=0.000
			sandstorm=0.000
			min_snow_level=0.000
		}
		period={
			between={ 0.5 29.5 }
			temperature={ 20.0 20.0 }
			no_phenomenon=1.000
			rain_light=0.000
			rain_heavy=0.000
			snow=0.000
			blizzard=0.000
			arctic_water=0.000
			mud=0.000
			sandstorm=0.000
			min_snow_level=0.000
		}
		period={
			between={ 0.6 30.6 }
			temperature={ 20.0 20.0 }
			no_phenomenon=1.000
			rain_light=0.000
			rain_heavy=0.000
			snow=0.000
			blizzard=0.000
			arctic_water=0.000
			mud=0.000
			sandstorm=0.000
			min_snow_level=0.000
		}
		period={
			between={ 0.7 30.7 }
			temperature={ 20.0 20.0 }
			no_phenomenon=1.000
			rain_light=0.000
			rain_heavy=0.000
			snow=0.000
			blizzard=0.000
			arctic_water=0.000
			mud=0.000
			sandstorm=0.000
			min_snow_level=0.000
		}
		period={
			between={ 0.8 29.8 }
			temperature={ 20.0 20.0 }
			no_phenomenon=1.000
			rain_light=0.000
			rain_heavy=0.000
			snow=0.000
			blizzard=0.000
			arctic_water=0.000
			mud=0.000
			sandstorm=0.000
			min_snow_level=0.000
		}
		period={
			between={ 0.9 30.9 }
			temperature={ 20.0 20.0 }
			no_phenomenon=1.000
			rain_light=0.000
			rain_heavy=0.000
			snow=0.000
			blizzard=0.000
			arctic_water=0.000
			mud=0.000
			sandstorm=0.000
			min_snow_level=0.000
		}
		period={
			between={ 0.10 29.10 }
			temperature={ 20.0 20.0 }
			no_phenomenon=1.000
			rain_light=0.000
			rain_heavy=0.000
			snow=0.000
			blizzard=0.000
			arctic_water=0.000
			mud=0.000
			sandstorm=0.000
			min_snow_level=0.000
		}
		period={
			between={ 0.11 30.11 }
			temperature={ 20.0 20.0 }
			no_phenomenon=1.000
			rain_light=0.000
			rain_heavy=0.000
			snow=0.000
			blizzard=0.000
			arctic_water=0.000
			mud=0.000
			sandstorm=0.000
			min_snow_level=0.000
		}
	}

}
