strategic_region = {
	id = 38
	name = "STRATEGICREGION_38"
	provinces = {
		1274
		10257
		10281
		18421
		18067
		3393
		521
		10289
		4879
		9662
		18402
		16248
		17184
		18046
		19030
		802
		4315
		4430
		5630
		7794
		8844
		10408
		10451
		15989
		16001
		16121
		16283
		16735
		17056
		17798
		18088
		354
		2227
		3564
		4204
		6697
		10436
		10517
		10563
		16775
		18185
		18256
		6228
		10516
		10539
		10627
		16517
		284
		1541
		2110
		3629
		3991
		5297
		6118
		6265
		6450
		10505
		18744
		156
		239
		589
		1769
		1787
		2264
		2332
		2697
		3670
		3948
		5278
		6165
		6391
		7152
		7609
		8323
		9625
		10332
		10350
		10386
		10416
		10422
		10452
		10457
		10468
		16308
		16328
		16366
		16664
		16681
		16699
		16900
		17081
		17470
		17649
		17681
		17850
		17851
		18323
		18709
		19096
		5793
		18261
		2363
		4140
		529
		6290
		6525
		7834
		10590
		10595
		1508
		10331
		2040
		5057
		10319
		10399
		10405
		10456
		16691
		16728
		17585
		18212
		10582
		2010
		4438
		6632
		8144
		10491
		10528
		15868
		498
		3216
		5792
		5977
		10446
		17338
		74
		753
		2758
		2815
		4003
		6386
		7951
		8088
		8389
		9458
		10330
		10364
		10382
		10404
		10435
		10492
		15902
		16000
		16250
		16777
		16956
		16998
		17333
		17793
		18012
		18225
		4465
		10293
		16625
		629
		2228
		4956
		6120
		6121
		6774
		19094
		5153
		18276
		10235
		10247
		10227
		15997
		16292
		4307
		18248
		10260
		1669
		2732
		3176
		3297
		6425
		7042
		8015
		8022
		8081
		8782
		10127
		10150
		10180
		10208
		16293
		16319
		16690
		17213
		17471
		17636
		17727
		18166
		18259
		18592
		18627
		18755
		19003
		19020
		19051
		19088
		19089
		16358
		5786
		9452
		17017
		10299
		2242
		5177
		726
		7070
		6593
		10202
		16903
		7195
		9666
		10148
		10155
		10170
		10172
		17538
		18267
		18785
		1440
		17810
		17800
		5548
		16564
		6004
		16532
		16581
		578
		870
		963
		2340
		2836
		2955
		3153
		3318
		3462
		3601
		4147
		5203
		5289
		6193
		6899
		7162
		7494
		7634
		8332
		9964
		9981
		10020
		10032
		10046
		10060
		16103
		16132
		16152
		16164
		16188
		16267
		16531
		16626
		16652
		16662
		16748
		16862
		16891
		16915
		16919
		17024
		17099
		17178
		17277
		17341
		17695
		17894
		17978
		18058
		18073
		18175
		18190
		18191
		18209
		18244
		18973
		27
		1170
		1431
		1600
		2439
		4219
		4292
		4953
		6053
		6303
		8874
		9391
		10093
		10094
		10101
		10111
		10119
		10140
		10151
		10156
		15932
		16040
		16079
		16431
		16638
		16643
		16771
		17474
		17713
		17973
		18235
		18992
		97
		2083
		3353
		3918
		4367
		4681
		4868
		5182
		5524
		5535
		5576
		6497
		7293
		8789
		9073
		10096
		10115
		10116
		10173
		10203
		10232
		10236
		18526
		18527
		18676
		18701
		18756
		18759
		18766
		18967
		18977
		18990
		18993
		19007
		19015
		19031
		19044
		19090
		435
		938
		1244
		1731
		2064
		2433
		3118
		4272
		5633
		6952
		8414
		10193
		10280
		10302
		16022
		16465
		16472
		16514
		17458
		17739
		17756
		18282
		18542
		18549
		19307
		789
		1454
		6641
		7347
		9918
		9944
		9950
		16119
		16161
		16229
		16365
		16438
		16916
		17109
		17298
		17356
		17445
		17560
		17642
		17963
		18078
		2192
		6857
		9984
		9988
		1211
		2808
		4762
		8090
		8974
		10071
		10078
		16878
		17011
		17111
		17522
		17761
		18778
		19014
		130
		450
		482
		4396
		4964
		5254
		5871
		7312
		10037
		10067
		16059
		16083
		16277
		16396
		16751
		16794
		17070
		17660
		17744
		18289
		3792
		5455
		8894
		9989
		10028
		10052
		18145
		19010
		19049
		19074
		4347
		4839
		5617
		6648
		8924
		10055
		10085
		16482
		18300
		19022
		7201
		3200
		17009
		6617
		9985
		18223
		2160
		3309
		4044
		9967
		9970
		17400
		17529
		1424
		9973
		10005
		10012
		17228
		2679
		17042
		18548
	}
	weather={
		period={
			between={ 0.0 30.0 }
			temperature={ 20.0 20.0 }
			no_phenomenon=1.000
			rain_light=0.000
			rain_heavy=0.000
			snow=0.000
			blizzard=0.000
			arctic_water=0.000
			mud=0.000
			sandstorm=0.000
			min_snow_level=0.000
		}
		period={
			between={ 0.1 27.1 }
			temperature={ 20.0 20.0 }
			no_phenomenon=1.000
			rain_light=0.000
			rain_heavy=0.000
			snow=0.000
			blizzard=0.000
			arctic_water=0.000
			mud=0.000
			sandstorm=0.000
			min_snow_level=0.000
		}
		period={
			between={ 0.2 30.2 }
			temperature={ 20.0 20.0 }
			no_phenomenon=1.000
			rain_light=0.000
			rain_heavy=0.000
			snow=0.000
			blizzard=0.000
			arctic_water=0.000
			mud=0.000
			sandstorm=0.000
			min_snow_level=0.000
		}
		period={
			between={ 0.3 29.3 }
			temperature={ 20.0 20.0 }
			no_phenomenon=1.000
			rain_light=0.000
			rain_heavy=0.000
			snow=0.000
			blizzard=0.000
			arctic_water=0.000
			mud=0.000
			sandstorm=0.000
			min_snow_level=0.000
		}
		period={
			between={ 0.4 30.4 }
			temperature={ 20.0 20.0 }
			no_phenomenon=1.000
			rain_light=0.000
			rain_heavy=0.000
			snow=0.000
			blizzard=0.000
			arctic_water=0.000
			mud=0.000
			sandstorm=0.000
			min_snow_level=0.000
		}
		period={
			between={ 0.5 29.5 }
			temperature={ 20.0 20.0 }
			no_phenomenon=1.000
			rain_light=0.000
			rain_heavy=0.000
			snow=0.000
			blizzard=0.000
			arctic_water=0.000
			mud=0.000
			sandstorm=0.000
			min_snow_level=0.000
		}
		period={
			between={ 0.6 30.6 }
			temperature={ 20.0 20.0 }
			no_phenomenon=1.000
			rain_light=0.000
			rain_heavy=0.000
			snow=0.000
			blizzard=0.000
			arctic_water=0.000
			mud=0.000
			sandstorm=0.000
			min_snow_level=0.000
		}
		period={
			between={ 0.7 30.7 }
			temperature={ 20.0 20.0 }
			no_phenomenon=1.000
			rain_light=0.000
			rain_heavy=0.000
			snow=0.000
			blizzard=0.000
			arctic_water=0.000
			mud=0.000
			sandstorm=0.000
			min_snow_level=0.000
		}
		period={
			between={ 0.8 29.8 }
			temperature={ 20.0 20.0 }
			no_phenomenon=1.000
			rain_light=0.000
			rain_heavy=0.000
			snow=0.000
			blizzard=0.000
			arctic_water=0.000
			mud=0.000
			sandstorm=0.000
			min_snow_level=0.000
		}
		period={
			between={ 0.9 30.9 }
			temperature={ 20.0 20.0 }
			no_phenomenon=1.000
			rain_light=0.000
			rain_heavy=0.000
			snow=0.000
			blizzard=0.000
			arctic_water=0.000
			mud=0.000
			sandstorm=0.000
			min_snow_level=0.000
		}
		period={
			between={ 0.10 29.10 }
			temperature={ 20.0 20.0 }
			no_phenomenon=1.000
			rain_light=0.000
			rain_heavy=0.000
			snow=0.000
			blizzard=0.000
			arctic_water=0.000
			mud=0.000
			sandstorm=0.000
			min_snow_level=0.000
		}
		period={
			between={ 0.11 30.11 }
			temperature={ 20.0 20.0 }
			no_phenomenon=1.000
			rain_light=0.000
			rain_heavy=0.000
			snow=0.000
			blizzard=0.000
			arctic_water=0.000
			mud=0.000
			sandstorm=0.000
			min_snow_level=0.000
		}
	}

}
