strategic_region = {
	id = 42
	name = "STRATEGICREGION_42"
	provinces = {
		618
		782
		1545
		7994
		15327
		15367
		16235
		16712
		3837
		15373
		15374
		1308
		857
		714
		15381
		886
		4112
		4445
		5919
		8993
		9045
		15934
		19140
		164
		203
		2385
		3988
		5073
		8600
		15334
		15377
		16986
		17052
		17215
		18021
		2157
		3208
		4587
		5713
		6410
		8040
		8216
		15213
		15290
		15298
		17555
		38
		232
		2283
		4812
		7387
		7591
		8852
		9148
		14989
		15023
		15064
		15129
		15139
		18198
		3512
		3840
		4489
		5688
		8827
		9234
		14909
		14914
		14940
		14950
		16467
		19141
		167
		361
		477
		1097
		1107
		1278
		1360
		1555
		2251
		2541
		2901
		3046
		3149
		4069
		4090
		4551
		5062
		5122
		5441
		6109
		6171
		6696
		6732
		6916
		7197
		7213
		7300
		7437
		7680
		7723
		8541
		8668
		15048
		15070
		15163
		15178
		15229
		15240
		15273
		15293
		18202
		6273
		7165
		9375
		14683
		16832
		87
		984
		1637
		1796
		1814
		2041
		2749
		2939
		2995
		3106
		3202
		3905
		3971
		4174
		4494
		4834
		5101
		5228
		5232
		5695
		5949
		6351
		6372
		6847
		7277
		7361
		7534
		7825
		8582
		9149
		9202
		9358
		9513
		14365
		14406
		14438
		14477
		14516
		14551
		14552
		14588
		14701
		14716
		14780
		14782
		14825
		14927
		18737
		19142
		184
		600
		1275
		1665
		1897
		2121
		2853
		3631
		4033
		4909
		5574
		7744
		8634
		9171
		13934
		13960
		14031
		14032
		14107
		14134
		14176
		111
		213
		341
		593
		746
		754
		934
		968
		1028
		1132
		1336
		1377
		1421
		1732
		1805
		1851
		1886
		1948
		2027
		2527
		2649
		2857
		3055
		3123
		3147
		3228
		3420
		3507
		3524
		3544
		3591
		3615
		3726
		3888
		4049
		4067
		4237
		4266
		4294
		4337
		4380
		4828
		4978
		5154
		5191
		5301
		5340
		5354
		5673
		5839
		5898
		5911
		6102
		6401
		6543
		6555
		6590
		6801
		6816
		6998
		7031
		7077
		7183
		7196
		7441
		7442
		7476
		7712
		7916
		7937
		8169
		8235
		8301
		8459
		9103
		9277
		9284
		9288
		9402
		9409
		9488
		9509
		14105
		14161
		14197
		14199
		14207
		14229
		14334
		14356
		14371
		14380
		14394
		14423
		14434
		14481
		14507
		14522
		14537
		14547
		14559
		14566
		14568
		14570
		14594
		14624
		14669
		14670
		14724
		14748
		14757
		14781
		14798
		14837
		14858
		14859
		14868
		16843
		17100
		17578
		18213
		18630
		19118
		19129
		19218
		19327
		19329
		19330
		53
		101
		289
		1019
		1209
		1271
		1283
		1462
		1635
		1758
		1840
		2705
		3369
		3557
		3853
		3893
		4001
		4328
		4582
		4867
		4915
		5392
		5413
		5511
		5796
		6122
		6254
		6631
		6725
		6848
		6893
		6934
		7083
		7224
		7319
		7384
		7430
		7500
		7628
		7732
		9405
		9659
		13517
		13595
		13603
		13604
		13690
		13781
		13821
		13902
		13937
		14120
		14211
		14244
		14267
		18631
		18649
		19115
		235
		873
		1130
		2089
		2311
		2621
		2678
		2728
		2849
		3913
		4077
		4151
		4443
		4662
		4793
		4926
		4979
		5036
		5368
		6036
		6371
		7381
		7462
		7726
		8065
		8469
		9466
		9547
		12907
		12914
		12975
		13026
		13066
		13128
		13150
		13210
		13221
		13335
		13345
		13356
		13437
		13480
		13577
		13721
		13801
		6
		154
		166
		846
		880
		1041
		1593
		1718
		2133
		2483
		3338
		3573
		3604
		3665
		3801
		4021
		4153
		4176
		4447
		5030
		5037
		5391
		5918
		6070
		6186
		6698
		6705
		7252
		7271
		7313
		7665
		7936
		8089
		8695
		8728
		8840
		9015
		9062
		9084
		9264
		9300
		9643
		12351
		12359
		12387
		12403
		12445
		12460
		12488
		12515
		12537
		12605
		12616
		12636
		12669
		12680
		12698
		12709
		12720
		12777
		12796
		12820
		12834
		12851
		12888
		12891
		12917
		12936
		12962
		13001
		13012
		13022
		13030
		13039
		13104
		13105
		13119
		13149
		13176
		13190
		13197
		13198
		694
		859
		862
		1074
		1513
		2100
		2260
		2978
		3081
		3774
		3794
		4171
		4397
		4782
		4798
		5509
		6050
		6350
		6480
		7033
		7062
		7110
		7427
		13500
		7632
		7882
		8083
		8914
		9026
		9297
		9653
		13506
		13554
		13555
		13591
		13594
		13634
		13743
		13754
		13767
		13768
		13800
		13841
		13856
		13872
		13911
		13933
		17843
		17931
		18200
		427
		790
		1088
		1167
		1439
		1442
		1806
		2328
		2782
		3469
		3734
		4822
		4931
		5048
		5853
		6092
		6436
		7067
		7202
		7248
		7684
		7765
		7822
		8249
		8294
		8759
		13266
		13292
		13320
		13379
		13415
		13501
		13576
		13602
		13653
		13689
		13729
		13778
		13817
		13850
		16797
		17104
		19111
		875
		1591
		4348
		4436
		6237
		8527
		13339
		13532
		13833
		13881
		15921
		17511
		17907
		19019
		595
		621
		1057
		1066
		1077
		1263
		1443
		1859
		2286
		2306
		2559
		2599
		2605
		2866
		2951
		2953
		3107
		3527
		3770
		3986
		4038
		4092
		4108
		4133
		4457
		4498
		4561
		4714
		4913
		5269
		5682
		5927
		6056
		6253
		6426
		6896
		6974
		7357
		7696
		7699
		7992
		7997
		8094
		8145
		8236
		8479
		8685
		8734
		8825
		9527
		12627
		12768
		12776
		12855
		12861
		12869
		12922
		12928
		13009
		13010
		13116
		13117
		13165
		13243
		13274
		13319
		13334
		13369
		13373
		13399
		13414
		18272
		18644
		19103
		19105
		19106
		19108
		19318
		406
		699
		1160
		1380
		1394
		1494
		1496
		1627
		2200
		2292
		2374
		2410
		2739
		2875
		2893
		2921
		3686
		3716
		3730
		3753
		3786
		3885
		3942
		4062
		4366
		4936
		4945
		5126
		5247
		5295
		5536
		5855
		6185
		6217
		6283
		6389
		6736
		7013
		7669
		8056
		8166
		8262
		9114
		9115
		12128
		12218
		12242
		12274
		12291
		12303
		12368
		12410
		12443
		12470
		12487
		12547
		12548
		12571
		12580
		12596
		12635
		12645
		12663
		12741
		12769
		12805
		12813
		12887
		12951
		13045
		13065
		13079
		13265
		16698
		18639
		19102
		19320
		251
		296
		1205
		1649
		1889
		1896
		2126
		2636
		3056
		3250
		4455
		4845
		5078
		5538
		5697
		5996
		6147
		6421
		6581
		7520
		8435
		8563
		8973
		9008
		9174
		12197
		12214
		12290
		12358
		12492
		12514
		12570
		12579
		12628
		12693
		13011
		13118
		13127
		13228
		16485
		18781
	}
	weather={
		period={
			between={ 0.0 30.0 }
			temperature={ 20.0 20.0 }
			no_phenomenon=1.000
			rain_light=0.000
			rain_heavy=0.000
			snow=0.000
			blizzard=0.000
			arctic_water=0.000
			mud=0.000
			sandstorm=0.000
			min_snow_level=0.000
		}
		period={
			between={ 0.1 27.1 }
			temperature={ 20.0 20.0 }
			no_phenomenon=1.000
			rain_light=0.000
			rain_heavy=0.000
			snow=0.000
			blizzard=0.000
			arctic_water=0.000
			mud=0.000
			sandstorm=0.000
			min_snow_level=0.000
		}
		period={
			between={ 0.2 30.2 }
			temperature={ 20.0 20.0 }
			no_phenomenon=1.000
			rain_light=0.000
			rain_heavy=0.000
			snow=0.000
			blizzard=0.000
			arctic_water=0.000
			mud=0.000
			sandstorm=0.000
			min_snow_level=0.000
		}
		period={
			between={ 0.3 29.3 }
			temperature={ 20.0 20.0 }
			no_phenomenon=1.000
			rain_light=0.000
			rain_heavy=0.000
			snow=0.000
			blizzard=0.000
			arctic_water=0.000
			mud=0.000
			sandstorm=0.000
			min_snow_level=0.000
		}
		period={
			between={ 0.4 30.4 }
			temperature={ 20.0 20.0 }
			no_phenomenon=1.000
			rain_light=0.000
			rain_heavy=0.000
			snow=0.000
			blizzard=0.000
			arctic_water=0.000
			mud=0.000
			sandstorm=0.000
			min_snow_level=0.000
		}
		period={
			between={ 0.5 29.5 }
			temperature={ 20.0 20.0 }
			no_phenomenon=1.000
			rain_light=0.000
			rain_heavy=0.000
			snow=0.000
			blizzard=0.000
			arctic_water=0.000
			mud=0.000
			sandstorm=0.000
			min_snow_level=0.000
		}
		period={
			between={ 0.6 30.6 }
			temperature={ 20.0 20.0 }
			no_phenomenon=1.000
			rain_light=0.000
			rain_heavy=0.000
			snow=0.000
			blizzard=0.000
			arctic_water=0.000
			mud=0.000
			sandstorm=0.000
			min_snow_level=0.000
		}
		period={
			between={ 0.7 30.7 }
			temperature={ 20.0 20.0 }
			no_phenomenon=1.000
			rain_light=0.000
			rain_heavy=0.000
			snow=0.000
			blizzard=0.000
			arctic_water=0.000
			mud=0.000
			sandstorm=0.000
			min_snow_level=0.000
		}
		period={
			between={ 0.8 29.8 }
			temperature={ 20.0 20.0 }
			no_phenomenon=1.000
			rain_light=0.000
			rain_heavy=0.000
			snow=0.000
			blizzard=0.000
			arctic_water=0.000
			mud=0.000
			sandstorm=0.000
			min_snow_level=0.000
		}
		period={
			between={ 0.9 30.9 }
			temperature={ 20.0 20.0 }
			no_phenomenon=1.000
			rain_light=0.000
			rain_heavy=0.000
			snow=0.000
			blizzard=0.000
			arctic_water=0.000
			mud=0.000
			sandstorm=0.000
			min_snow_level=0.000
		}
		period={
			between={ 0.10 29.10 }
			temperature={ 20.0 20.0 }
			no_phenomenon=1.000
			rain_light=0.000
			rain_heavy=0.000
			snow=0.000
			blizzard=0.000
			arctic_water=0.000
			mud=0.000
			sandstorm=0.000
			min_snow_level=0.000
		}
		period={
			between={ 0.11 30.11 }
			temperature={ 20.0 20.0 }
			no_phenomenon=1.000
			rain_light=0.000
			rain_heavy=0.000
			snow=0.000
			blizzard=0.000
			arctic_water=0.000
			mud=0.000
			sandstorm=0.000
			min_snow_level=0.000
		}
	}
}
