strategic_region = {
	id = 43
	name = "STRATEGICREGION_43"
	provinces = {
		291
		428
		457
		3553
		3944
		5338
		5432
		7486
		9137
		10478
		266
		904
		2540
		3639
		3777
		4752
		4783
		4792
		5426
		5533
		5625
		6019
		6216
		6277
		6465
		6823
		7383
		7512
		8265
		8661
		9075
		9097
		9443
		10585
		10644
		10666
		10670
		10709
		10755
		10805
		10862
		10883
		10962
		11001
		11026
		11030
		11072
		11128
		16346
		723
		1825
		2236
		2317
		3599
		3736
		3891
		7956
		12012
		12150
		687
		2085
		3858
		4536
		4910
		4976
		5729
		6047
		7380
		7741
		7947
		8075
		8631
		8720
		10906
		11380
		11469
		11619
		11631
		11636
		11682
		11727
		11760
		11780
		11814
		11885
		11933
		2197
		2400
		3400
		3452
		4269
		4820
		4823
		5241
		5410
		5709
		5992
		7146
		7292
		7388
		8059
		8224
		9377
		9639
		11186
		11529
		11554
		11569
		11708
		11725
		11734
		11894
		11968
		11980
		12069
		1051
		1947
		3040
		3310
		3464
		3493
		3790
		4476
		4521
		5145
		5891
		5912
		6398
		6855
		7755
		8157
		8632
		8691
		10970
		11037
		11086
		11137
		11204
		11284
		11291
		11310
		11358
		11402
		11419
		11433
		11457
		247
		731
		841
		1981
		3050
		3103
		4613
		4858
		5339
		5423
		6576
		6677
		6927
		7627
		8377
		9042
		9179
		9226
		9318
		11434
		11496
		11643
		11929
		11991
		1022
		1438
		1444
		1689
		1914
		4576
		5698
		6003
		6020
		6531
		6791
		7022
		7348
		7987
		8496
		8648
		11992
		12070
		12082
		12098
		12129
		12170
		12171
		12275
		12304
		12343
		12373
		12398
		12444
		1692
		2033
		2310
		2323
		4678
		5013
		6392
		11524
		11618
		11652
		11669
		2671
		3330
		4615
		5321
		5383
		5473
		7034
		7458
		11659
		11726
		11753
		11793
		11851
		11911
		12003
		12110
		488
		1140
		1362
		1410
		2735
		4585
		6665
		7577
		7612
		10598
		10599
		10741
		10790
		10791
		10873
		15915
		16562
		18352
		1492
		3356
		7256
		8651
		9232
		11182
		11187
		11245
		11302
		11370
		11458
		2687
		2990
		3145
		4524
		4573
		8762
		11221
		11296
		11318
		11459
		3907
		3962
		5005
		6983
		8024
		8819
		10836
		11064
		4173
		6756
		7038
		8416
		10819
		10844
		11038
		11107
		17711
		734
		2774
		3444
		3446
		3649
		5973
		6116
		6346
		6686
		7465
		8320
		9108
		9197
		9382
		10905
		10961
		10972
		10977
		10984
		11053
		11087
		11164
		11181
		11262
		1703
		2904
		4998
		6661
		7060
		7703
		8120
		10740
		10773
		10778
		10789
		10804
		10818
		10827
		10850
		10861
		10875
		10899
		10931
		11170
		11229
		123
		412
		758
		1169
		3491
		4631
		4632
		4672
		5789
		6537
		7817
		7840
		8704
		9144
		10450
		10489
		10494
		10510
		10534
		10543
		10570
		10578
		10782
		16044
		5745
		7424
		8454
		10669
		10696
		10303
		10355
		10394
		10437
		16961
		455
		1017
		1566
		1789
		2299
		6753
		7079
		8758
		8885
		9968
		9983
		10013
		10022
		10044
		10073
		10106
		56
		286
		917
		1290
		1828
		1846
		2300
		2464
		2744
		2746
		2787
		2844
		3053
		3616
		3717
		3828
		4549
		4757
		4883
		7599
		8074
		8621
		8665
		63
		2404
		2718
		3115
		4467
		4848
		6513
		8007
		8846
		9953
		9969
		9975
		10014
		10034
		16120
		16287
		1131
		1673
		2005
		2823
		3424
		3450
		4475
		5124
		6532
		6874
		7124
		7198
		7349
		8892
		9449
		9534
		10099
		10145
		10189
		10199
		10207
		10217
		10229
		18141
		277
		1175
		1239
		9501
		10112
		10152
		10175
		10183
		10197
		16835
		17541
		722
		901
		3337
		3636
		3732
		4126
		4302
		4446
		5542
		5817
		9104
		10130
		10196
		10246
		10277
		1121
		2686
		2748
		4851
		4864
		4898
		5087
		5296
		5752
		5993
		6424
		6653
		6967
		7816
		8241
		10205
		10219
		10223
		10244
		10278
		10321
		10340
		10366
		10401
		10407
		10409
		10499
		18023
		18053
		336
		371
		417
		966
		1001
		1148
		2144
		2398
		2840
		3494
		3931
		4448
		8255
		9656
		9881
		9899
		9906
		9915
		9925
		9929
		9935
		16318
		16473
		16586
		18968
	}
	weather={
		period={
			between={ 0.0 30.0 }
			temperature={ 20.0 20.0 }
			no_phenomenon=1.000
			rain_light=0.000
			rain_heavy=0.000
			snow=0.000
			blizzard=0.000
			arctic_water=0.000
			mud=0.000
			sandstorm=0.000
			min_snow_level=0.000
		}
		period={
			between={ 0.1 27.1 }
			temperature={ 20.0 20.0 }
			no_phenomenon=1.000
			rain_light=0.000
			rain_heavy=0.000
			snow=0.000
			blizzard=0.000
			arctic_water=0.000
			mud=0.000
			sandstorm=0.000
			min_snow_level=0.000
		}
		period={
			between={ 0.2 30.2 }
			temperature={ 20.0 20.0 }
			no_phenomenon=1.000
			rain_light=0.000
			rain_heavy=0.000
			snow=0.000
			blizzard=0.000
			arctic_water=0.000
			mud=0.000
			sandstorm=0.000
			min_snow_level=0.000
		}
		period={
			between={ 0.3 29.3 }
			temperature={ 20.0 20.0 }
			no_phenomenon=1.000
			rain_light=0.000
			rain_heavy=0.000
			snow=0.000
			blizzard=0.000
			arctic_water=0.000
			mud=0.000
			sandstorm=0.000
			min_snow_level=0.000
		}
		period={
			between={ 0.4 30.4 }
			temperature={ 20.0 20.0 }
			no_phenomenon=1.000
			rain_light=0.000
			rain_heavy=0.000
			snow=0.000
			blizzard=0.000
			arctic_water=0.000
			mud=0.000
			sandstorm=0.000
			min_snow_level=0.000
		}
		period={
			between={ 0.5 29.5 }
			temperature={ 20.0 20.0 }
			no_phenomenon=1.000
			rain_light=0.000
			rain_heavy=0.000
			snow=0.000
			blizzard=0.000
			arctic_water=0.000
			mud=0.000
			sandstorm=0.000
			min_snow_level=0.000
		}
		period={
			between={ 0.6 30.6 }
			temperature={ 20.0 20.0 }
			no_phenomenon=1.000
			rain_light=0.000
			rain_heavy=0.000
			snow=0.000
			blizzard=0.000
			arctic_water=0.000
			mud=0.000
			sandstorm=0.000
			min_snow_level=0.000
		}
		period={
			between={ 0.7 30.7 }
			temperature={ 20.0 20.0 }
			no_phenomenon=1.000
			rain_light=0.000
			rain_heavy=0.000
			snow=0.000
			blizzard=0.000
			arctic_water=0.000
			mud=0.000
			sandstorm=0.000
			min_snow_level=0.000
		}
		period={
			between={ 0.8 29.8 }
			temperature={ 20.0 20.0 }
			no_phenomenon=1.000
			rain_light=0.000
			rain_heavy=0.000
			snow=0.000
			blizzard=0.000
			arctic_water=0.000
			mud=0.000
			sandstorm=0.000
			min_snow_level=0.000
		}
		period={
			between={ 0.9 30.9 }
			temperature={ 20.0 20.0 }
			no_phenomenon=1.000
			rain_light=0.000
			rain_heavy=0.000
			snow=0.000
			blizzard=0.000
			arctic_water=0.000
			mud=0.000
			sandstorm=0.000
			min_snow_level=0.000
		}
		period={
			between={ 0.10 29.10 }
			temperature={ 20.0 20.0 }
			no_phenomenon=1.000
			rain_light=0.000
			rain_heavy=0.000
			snow=0.000
			blizzard=0.000
			arctic_water=0.000
			mud=0.000
			sandstorm=0.000
			min_snow_level=0.000
		}
		period={
			between={ 0.11 30.11 }
			temperature={ 20.0 20.0 }
			no_phenomenon=1.000
			rain_light=0.000
			rain_heavy=0.000
			snow=0.000
			blizzard=0.000
			arctic_water=0.000
			mud=0.000
			sandstorm=0.000
			min_snow_level=0.000
		}
	}

}
