strategic_region = {
	id = 44
	name = "STRATEGICREGION_44"
	provinces = {
		2480
		2775
		4052
		4252
		4968
		5621
		5972
		7027
		7030
		7302
		7939
		10725
		10760
		10765
		10780
		10784
		10803
		10865
		10866
		10888
		16525
		10895
		2220
		9363
		16565
		2387
		17525
		9508
		15981
		7630
		18057
		7516
		11235
		7717
		3483
		4358
		16873
		7026
		17616
		5064
		560
		10948
		10858
		7090
		8821
		10974
		11022
		16200
		8192
		10904
		16072
		9618
		6179
		3269
		4930
		11023
		10949
		10918
		1322
		4962
		10925
		4057
		8927
		9052
		10929
		9287
		7489
		4547
		4940
		10820
		10952
		2497
		8188
		5872
		11301
		11347
		11336
		17632
		3135
		6608
		9531
		5804
		9145
		1763
		10881
		11154
		11084
		11114
		11144
		11155
		11240
		7812
		3225
		1726
		2185
		2878
		4916
		6789
		8742
		8960
		10994
		11134
		11184
		11272
		11273
		1061
		6440
		11140
		2164
		6586
		747
		6297
		2538
		4019
		7028
		6741
		11443
		9396
		1021
		11271
		16349
		2368
		1277
		8891
		11413
		8079
		11412
		11493
		11649
		11452
		11455
		11521
		11584
		3526
		2930
		2760
		11658
		4301
		11316
		11831
		2075
		8642
		9479
		2225
		11797
		11796
		4199
		3530
		269
		11713
		8447
		11811
		1289
		11494
		3723
		7561
		3470
		545
		920
		4821
		6991
		8887
		12187
		12239
		1764
		5183
		6170
		6230
		6385
		7288
		11903
		11909
		11959
		11978
		11998
		12028
		12062
		12134
		12155
		552
		5467
		12004
		12049
		1472
		2327
		3359
		5284
		8922
		12036
		12089
		12180
		1076
		2918
		3750
		3999
		4766
		4772
		6301
		6517
		7760
		8926
		9049
		11752
		11792
		11857
		11938
		11941
		16348
		198
		3645
		6203
		1772
		3075
		12408
		5781
		12367
		4334
		12519
		3077
		3041
		12454
		12576
		7343
		12610
		12442
		2473
		4653
		6542
		1153
		1614
		2463
		6979
		7191
		12147
		12188
		12217
		12296
		12384
		3191
		3906
		5043
		5749
		5997
		6278
		6844
		8732
		12540
		12595
		12662
		12714
		18368
		9675
		12409
		12455
		7579
		3705
		6908
		8381
		6086
		12752
		12833
		4045
		8382
		7777
		7099
		7906
		12615
		8477
		12704
		2274
		12350
		2675
		4363
		12757
		6690
		3979
		2219
		2954
		4338
		4700
		4847
		6304
		6530
		6739
		7166
		7466
		8113
		8143
		8826
		12065
		12115
		12164
		12212
		12224
		12230
		12302
		1324
		2673
		3317
		5282
		7988
		12466
		12508
		12527
		12577
		12652
		12696
		16825
		17608
		2043
		2403
		4440
		5790
		12240
		12301
		12316
		12385
		12397
		2565
		3293
		4150
		4947
		5148
		5740
		6489
		6639
		7142
		7923
		8330
		8433
		11927
		11984
		12011
		12025
		12029
		12030
		12063
		12064
		12075
		12090
		12163
		12189
		12196
		12289
		17439
		11630
		11522
		7557
		11363
		4922
		3463
		4094
		5031
		11475
		5938
		6267
		6973
		6266
		9099
		9002
		11355
		11368
		11427
		15999
		1664
		1880
		2448
		2622
		3394
		3413
		3550
		5214
		6940
		7589
		7785
		7943
		8983
		9074
		9455
		9539
		11527
		11615
		11624
		11625
		11678
		11689
		11705
		11758
		11776
		11777
		11803
		11812
		11863
		703
		598
		2883
		11600
		9310
		11759
		2006
		11904
		8196
		11706
		121
		7108
		5360
		11967
		16257
		1761
		2171
		2426
		3754
		4233
		5216
		5669
		5750
		7490
		8060
		9546
		11486
		11536
		11537
		11567
		11593
		11616
		11617
		11666
		11679
		11733
		11804
		3635
		4264
		4528
		6104
		8488
		11217
		11387
		11507
		17488
		652
		1474
		2453
		2659
		3677
		4637
		6451
		7098
		8043
		8697
		9087
		9370
		10786
		10838
		10889
		10943
		10975
		10976
		11017
		11029
		11080
		11172
		16336
		16459
		16470
		16779
		16822
		16834
		17651
		17785
		18066
		18116
		18474
		445
		943
		985
		1312
		1686
		2567
		3224
		3646
		3978
		5268
		5440
		6249
		6527
		7530
		7563
		7751
		7827
		8656
		9259
		10799
		10867
		10868
		10960
		11016
		11070
		11096
		11156
		11197
		15933
		16395
		16600
		16629
		16656
		16720
		16758
		17417
		17674
		17825
		18045
		19033
		19040
	}
	weather={
		period={
			between={ 0.0 30.0 }
			temperature={ 20.0 20.0 }
			no_phenomenon=1.000
			rain_light=0.000
			rain_heavy=0.000
			snow=0.000
			blizzard=0.000
			arctic_water=0.000
			mud=0.000
			sandstorm=0.000
			min_snow_level=0.000
		}
		period={
			between={ 0.1 27.1 }
			temperature={ 20.0 20.0 }
			no_phenomenon=1.000
			rain_light=0.000
			rain_heavy=0.000
			snow=0.000
			blizzard=0.000
			arctic_water=0.000
			mud=0.000
			sandstorm=0.000
			min_snow_level=0.000
		}
		period={
			between={ 0.2 30.2 }
			temperature={ 20.0 20.0 }
			no_phenomenon=1.000
			rain_light=0.000
			rain_heavy=0.000
			snow=0.000
			blizzard=0.000
			arctic_water=0.000
			mud=0.000
			sandstorm=0.000
			min_snow_level=0.000
		}
		period={
			between={ 0.3 29.3 }
			temperature={ 20.0 20.0 }
			no_phenomenon=1.000
			rain_light=0.000
			rain_heavy=0.000
			snow=0.000
			blizzard=0.000
			arctic_water=0.000
			mud=0.000
			sandstorm=0.000
			min_snow_level=0.000
		}
		period={
			between={ 0.4 30.4 }
			temperature={ 20.0 20.0 }
			no_phenomenon=1.000
			rain_light=0.000
			rain_heavy=0.000
			snow=0.000
			blizzard=0.000
			arctic_water=0.000
			mud=0.000
			sandstorm=0.000
			min_snow_level=0.000
		}
		period={
			between={ 0.5 29.5 }
			temperature={ 20.0 20.0 }
			no_phenomenon=1.000
			rain_light=0.000
			rain_heavy=0.000
			snow=0.000
			blizzard=0.000
			arctic_water=0.000
			mud=0.000
			sandstorm=0.000
			min_snow_level=0.000
		}
		period={
			between={ 0.6 30.6 }
			temperature={ 20.0 20.0 }
			no_phenomenon=1.000
			rain_light=0.000
			rain_heavy=0.000
			snow=0.000
			blizzard=0.000
			arctic_water=0.000
			mud=0.000
			sandstorm=0.000
			min_snow_level=0.000
		}
		period={
			between={ 0.7 30.7 }
			temperature={ 20.0 20.0 }
			no_phenomenon=1.000
			rain_light=0.000
			rain_heavy=0.000
			snow=0.000
			blizzard=0.000
			arctic_water=0.000
			mud=0.000
			sandstorm=0.000
			min_snow_level=0.000
		}
		period={
			between={ 0.8 29.8 }
			temperature={ 20.0 20.0 }
			no_phenomenon=1.000
			rain_light=0.000
			rain_heavy=0.000
			snow=0.000
			blizzard=0.000
			arctic_water=0.000
			mud=0.000
			sandstorm=0.000
			min_snow_level=0.000
		}
		period={
			between={ 0.9 30.9 }
			temperature={ 20.0 20.0 }
			no_phenomenon=1.000
			rain_light=0.000
			rain_heavy=0.000
			snow=0.000
			blizzard=0.000
			arctic_water=0.000
			mud=0.000
			sandstorm=0.000
			min_snow_level=0.000
		}
		period={
			between={ 0.10 29.10 }
			temperature={ 20.0 20.0 }
			no_phenomenon=1.000
			rain_light=0.000
			rain_heavy=0.000
			snow=0.000
			blizzard=0.000
			arctic_water=0.000
			mud=0.000
			sandstorm=0.000
			min_snow_level=0.000
		}
		period={
			between={ 0.11 30.11 }
			temperature={ 20.0 20.0 }
			no_phenomenon=1.000
			rain_light=0.000
			rain_heavy=0.000
			snow=0.000
			blizzard=0.000
			arctic_water=0.000
			mud=0.000
			sandstorm=0.000
			min_snow_level=0.000
		}
	}

}
