strategic_region = {
	id = 45
	name = "STRATEGICREGION_45"
	provinces = {
		756
		4677
		6207
		8598
		12491
		12520
		12560
		12592
		12626
		7633
		12386
		2657
		3487
		5856
		6148
		6308
		6365
		12105
		12136
		12231
		12232
		12283
		12331
		12468
		6044
		6869
		8458
		12241
		12317
		12490
		8644
		12273
		7572
		12190
		4625
		12137
		12068
		6937
		17966
		9198
		17627
		1493
		7862
		4636
		1310
		1768
		1800
		1870
		2132
		2768
		3027
		4829
		5261
		5636
		6009
		6314
		6338
		6414
		7405
		7593
		8035
		8099
		8225
		8312
		8444
		8545
		8619
		9640
		11884
		11950
		11960
		11990
		12002
		12097
		12127
		12138
		12149
		12318
		12419
		12469
		12578
		12653
		12697
		17621
		18372
		2957
		8549
		6928
		8967
		1258
		321
		377
		787
		1372
		1557
		1952
		1964
		2822
		2885
		3482
		4469
		5623
		6138
		7159
		7200
		7295
		7522
		7824
		7865
		7946
		8037
		9092
		9395
		11723
		11778
		11805
		11806
		11883
		11928
		11939
		11942
		11979
		11999
		12050
		12066
		12076
		12126
		12135
		12204
		12213
		12272
		295
		1670
		8658
		11608
		11651
		11690
		11840
		11870
		16965
		17388
		532
		1699
		4324
		5175
		5573
		6242
		6334
		6378
		6827
		6930
		6970
		7782
		8966
		9584
		11680
		11696
		12000
		12001
		12051
		12067
		12121
		12148
		18111
		898
		11327
		11348
		1123
		2266
		3049
		4880
		6958
		7838
		8866
		11495
		11576
		11635
		11642
		11742
		11813
		11893
		1173
		1786
		2664
		4239
		4253
		5602
		5782
		11396
		11418
		11423
		11453
		11456
		11503
		11563
		11594
		11609
		267
		385
		5399
		8513
		9664
		11274
		11290
		11415
		11910
		11673
		11779
		8173
		11739
		11681
		16238
		4331
		335
		2049
		6935
		10995
		11007
		11071
		11228
		11268
		16205
		17428
		2074
		2683
		3953
		4342
		5328
		5726
		5983
		7528
		7569
		8662
		10914
		10955
		10991
		11036
		11052
		11063
		11115
		11145
		11203
		11321
		11357
		7188
		2574
		797
		3824
		10763
		3783
		10822
		10781
		10826
		7568
		10798
		962
		1082
		1432
		1993
		3021
		3447
		3831
		4014
		4553
		4648
		5113
		5344
		5943
		6322
		6745
		6994
		7117
		9340
		10860
		10945
		11051
		11105
		11106
		11136
		11174
		11244
		11317
		11428
		11523
		16784
		1353
		1530
		1735
		1938
		5337
		5808
		6767
		6918
		8860
		10800
		9379
		3609
		4628
		9293
		9620
		10835
		10898
		10900
		11011
		11085
		18528
		6356
		11267
		11320
		11369
		11432
		1921
		3125
		4186
		4588
		4690
		7018
		10706
		10712
		10732
		10747
		10761
		10769
		2803
		3364
		5610
		10848
		127
		1436
		6229
		6349
		6716
		7454
		8590
		10842
		10859
		2289
		3035
		3422
		4575
		5011
		5217
		5475
		6492
		8317
		10870
		10882
		10983
		17552
		17592
		1739
		2776
		3699
		3767
		4004
		4087
		5018
		5759
		5895
		6244
		6402
		6659
		6719
		6822
		7015
		7970
		8324
		8517
		9637
		11127
		11135
		11173
		11218
		11227
		11241
		11305
		11325
		11395
		11401
		11444
		11468
		11528
		11562
		11568
		11667
		11707
		831
		866
		1388
		1888
		2138
		2495
		2681
		2780
		4152
		4228
		4376
		4794
		5158
		5389
		5715
		5946
		5990
		6571
		7014
		7615
		9412
		9616
		11185
		11219
		11220
		11250
		11261
		11288
		11289
		11309
		11326
		11356
		11414
		11431
		11487
		11502
		11515
		11516
		11585
		11601
		11668
		11724
		18981
		19316
		1946
		3132
		3892
		7317
		7861
		10793
		10845
		10890
		10913
		10940
		10966
		10990
		11024
		16792
		1536
		2615
		6428
		10847
		10953
		11062
		11141
		18314
		10954
		7677
		3168
		17291
		7871
		2889
		3863
		4835
		5550
		8585
		11025
	}
	weather={
		period={
			between={ 0.0 30.0 }
			temperature={ 20.0 20.0 }
			no_phenomenon=1.000
			rain_light=0.000
			rain_heavy=0.000
			snow=0.000
			blizzard=0.000
			arctic_water=0.000
			mud=0.000
			sandstorm=0.000
			min_snow_level=0.000
		}
		period={
			between={ 0.1 27.1 }
			temperature={ 20.0 20.0 }
			no_phenomenon=1.000
			rain_light=0.000
			rain_heavy=0.000
			snow=0.000
			blizzard=0.000
			arctic_water=0.000
			mud=0.000
			sandstorm=0.000
			min_snow_level=0.000
		}
		period={
			between={ 0.2 30.2 }
			temperature={ 20.0 20.0 }
			no_phenomenon=1.000
			rain_light=0.000
			rain_heavy=0.000
			snow=0.000
			blizzard=0.000
			arctic_water=0.000
			mud=0.000
			sandstorm=0.000
			min_snow_level=0.000
		}
		period={
			between={ 0.3 29.3 }
			temperature={ 20.0 20.0 }
			no_phenomenon=1.000
			rain_light=0.000
			rain_heavy=0.000
			snow=0.000
			blizzard=0.000
			arctic_water=0.000
			mud=0.000
			sandstorm=0.000
			min_snow_level=0.000
		}
		period={
			between={ 0.4 30.4 }
			temperature={ 20.0 20.0 }
			no_phenomenon=1.000
			rain_light=0.000
			rain_heavy=0.000
			snow=0.000
			blizzard=0.000
			arctic_water=0.000
			mud=0.000
			sandstorm=0.000
			min_snow_level=0.000
		}
		period={
			between={ 0.5 29.5 }
			temperature={ 20.0 20.0 }
			no_phenomenon=1.000
			rain_light=0.000
			rain_heavy=0.000
			snow=0.000
			blizzard=0.000
			arctic_water=0.000
			mud=0.000
			sandstorm=0.000
			min_snow_level=0.000
		}
		period={
			between={ 0.6 30.6 }
			temperature={ 20.0 20.0 }
			no_phenomenon=1.000
			rain_light=0.000
			rain_heavy=0.000
			snow=0.000
			blizzard=0.000
			arctic_water=0.000
			mud=0.000
			sandstorm=0.000
			min_snow_level=0.000
		}
		period={
			between={ 0.7 30.7 }
			temperature={ 20.0 20.0 }
			no_phenomenon=1.000
			rain_light=0.000
			rain_heavy=0.000
			snow=0.000
			blizzard=0.000
			arctic_water=0.000
			mud=0.000
			sandstorm=0.000
			min_snow_level=0.000
		}
		period={
			between={ 0.8 29.8 }
			temperature={ 20.0 20.0 }
			no_phenomenon=1.000
			rain_light=0.000
			rain_heavy=0.000
			snow=0.000
			blizzard=0.000
			arctic_water=0.000
			mud=0.000
			sandstorm=0.000
			min_snow_level=0.000
		}
		period={
			between={ 0.9 30.9 }
			temperature={ 20.0 20.0 }
			no_phenomenon=1.000
			rain_light=0.000
			rain_heavy=0.000
			snow=0.000
			blizzard=0.000
			arctic_water=0.000
			mud=0.000
			sandstorm=0.000
			min_snow_level=0.000
		}
		period={
			between={ 0.10 29.10 }
			temperature={ 20.0 20.0 }
			no_phenomenon=1.000
			rain_light=0.000
			rain_heavy=0.000
			snow=0.000
			blizzard=0.000
			arctic_water=0.000
			mud=0.000
			sandstorm=0.000
			min_snow_level=0.000
		}
		period={
			between={ 0.11 30.11 }
			temperature={ 20.0 20.0 }
			no_phenomenon=1.000
			rain_light=0.000
			rain_heavy=0.000
			snow=0.000
			blizzard=0.000
			arctic_water=0.000
			mud=0.000
			sandstorm=0.000
			min_snow_level=0.000
		}
	}

}
