strategic_region = {
	id = 48
	name = "STRATEGICREGION_48"
	provinces = {
		342
		1836
		1940
		2630
		3521
		3579
		3855
		3985
		4056
		4373
		4716
		5146
		6427
		8246
		8930
		10297
		10328
		10449
		10337
		10358
		10393
		10432
		17244
		10488
		10496
		10522
		10532
		10608
		165
		2108
		5869
		10611
		132
		10604
		10577
		6156
		10869
		626
		10705
		10767
		52
		8764
		421
		1753
		1863
		2003
		2122
		2209
		2348
		4106
		4227
		4764
		5093
		5229
		5365
		7236
		7392
		7801
		8129
		9118
		2322
		4612
		10619
		10657
		10674
		10700
		10708
		10726
		10751
		16168
		16895
		18395
		18414
		18999
		2508
		3257
		3693
		4893
		7303
		7983
		9105
		10402
		10458
		10482
		10495
		10557
		10558
		16861
		16987
		17774
		18140
		4860
		9316
		8688
		9309
		10493
		10275
		7866
		10272
		10240
		5034
		10308
		4682
		8456
		3238
		1113
		9437
		5725
		6856
		257
		10334
		7160
		10660
		791
		432
		10797
		3708
		17026
		9427
		744
		4172
		9249
		227
		5787
		5930
		6236
		8580
		10597
		10600
		10643
		4276
		5433
		10512
		2092
		8369
		10504
		10533
		10536
		2593
		4198
		10395
		10418
		1376
		3390
		4759
		10460
		16535
		17133
		17703
		17740
		18152
		571
		1009
		1115
		1295
		1558
		2002
		2053
		4531
		5353
		6280
		6748
		7714
		8702
		10231
		10239
		10252
		10253
		10267
		10298
		10336
		10343
		10403
		17151
		197
		1210
		4450
		4518
		10312
		10348
		10361
		10368
		10396
		10406
		10413
		18348
		717
		2116
		5285
		5294
		10428
		10441
		10463
		10498
		10518
		10556
		17324
		366
		7092
		9010
		1461
		1459
		729
		9971
		244
		1746
		5718
		6485
		9986
		2609
		9962
		8261
		356
		17180
		651
		2854
		1634
		5788
		9914
		1770
		9937
		921
		1060
		1171
		1390
		2512
		2868
		3658
		3789
		3912
		4013
		4295
		6064
		6452
		8102
		8297
		10083
		10102
		10132
		10142
		10154
		10194
		10216
		16633
		17576
		17766
		18251
		18257
		18263
		602
		1168
		2471
		2740
		3150
		3586
		4887
		5303
		5327
		5494
		5604
		6419
		6547
		7158
		8194
		9480
		9945
		9992
		10003
		10038
		18792
		18795
		18796
		2031
		3368
		3457
		4736
		8092
		8307
		8516
		8799
		10121
		10146
		10188
		10254
		18609
		18613
		18689
		18746
		18779
		18793
		18798
		18803
		460
		654
		1026
		1991
		2461
		2610
		3552
		4249
		4487
		4602
		5537
		5763
		6714
		6839
		8608
		9150
		9544
		9646
		10171
		10226
		10233
		10258
		10276
		10287
		10290
		10313
		10383
		15939
		16018
		16061
		16208
		16550
		17241
		17547
		317
		568
		906
		1502
		1963
		2234
		2571
		2819
		3807
		3917
		4377
		4389
		5026
		5561
		5575
		5816
		6005
		6718
		6751
		7280
		8047
		8786
		9138
		9980
		10016
		10018
		10031
		10033
		10042
		10061
		10079
		10081
		10095
		10097
		10105
		10122
		10123
		16884
		491
		1928
		6300
		6393
		6721
		7542
		8440
		10291
		10335
		10374
		1839
		3407
		3981
		7531
		18353
		3244
		3566
		5968
		8082
		8190
		10351
		10439
		10440
		10442
		10507
		278
		974
		5397
		8335
		9280
		9460
		10447
		10560
		915
		1386
		7408
		8406
		10288
		195
		715
		1584
		3401
		4923
		5926
		6770
		8841
		8925
		10249
		10282
		315
		796
		2198
		3467
		7982
		9331
		9453
		10167
		10177
		10209
		10213
		10234
		16230
		17856
		10695
		10634
		10655
		6752
		10606
		48
		2125
		3719
		6030
		7806
		8057
		9537
		10477
		10605
		1575
		1612
		1827
		3080
		7046
		7737
		7779
		7989
		9389
		10612
		10628
		10629
		10690
		10718
		10722
		10739
		10748
		10794
		18345
		19039
		884
		3289
		4071
		4225
		5010
		5988
		6246
		6700
		7484
		8110
		10717
		10727
		10728
		10788
		10809
		10833
		576
		3073
		5664
		6088
		6731
		6809
		8054
		10509
		10542
		10571
		10583
		10614
		17297
		3945
		4246
		4352
		8818
		10559
		10661
		10678
		10684
		442
		3025
		4932
		6069
		6992
		8164
		9454
		10754
		10777
		10813
		10843
		10849
		10896
		10936
		4423
		4830
		10665
		17714
		18120
		18747
	}
	weather={
		period={
			between={ 0.0 30.0 }
			temperature={ 20.0 20.0 }
			no_phenomenon=1.000
			rain_light=0.000
			rain_heavy=0.000
			snow=0.000
			blizzard=0.000
			arctic_water=0.000
			mud=0.000
			sandstorm=0.000
			min_snow_level=0.000
		}
		period={
			between={ 0.1 27.1 }
			temperature={ 20.0 20.0 }
			no_phenomenon=1.000
			rain_light=0.000
			rain_heavy=0.000
			snow=0.000
			blizzard=0.000
			arctic_water=0.000
			mud=0.000
			sandstorm=0.000
			min_snow_level=0.000
		}
		period={
			between={ 0.2 30.2 }
			temperature={ 20.0 20.0 }
			no_phenomenon=1.000
			rain_light=0.000
			rain_heavy=0.000
			snow=0.000
			blizzard=0.000
			arctic_water=0.000
			mud=0.000
			sandstorm=0.000
			min_snow_level=0.000
		}
		period={
			between={ 0.3 29.3 }
			temperature={ 20.0 20.0 }
			no_phenomenon=1.000
			rain_light=0.000
			rain_heavy=0.000
			snow=0.000
			blizzard=0.000
			arctic_water=0.000
			mud=0.000
			sandstorm=0.000
			min_snow_level=0.000
		}
		period={
			between={ 0.4 30.4 }
			temperature={ 20.0 20.0 }
			no_phenomenon=1.000
			rain_light=0.000
			rain_heavy=0.000
			snow=0.000
			blizzard=0.000
			arctic_water=0.000
			mud=0.000
			sandstorm=0.000
			min_snow_level=0.000
		}
		period={
			between={ 0.5 29.5 }
			temperature={ 20.0 20.0 }
			no_phenomenon=1.000
			rain_light=0.000
			rain_heavy=0.000
			snow=0.000
			blizzard=0.000
			arctic_water=0.000
			mud=0.000
			sandstorm=0.000
			min_snow_level=0.000
		}
		period={
			between={ 0.6 30.6 }
			temperature={ 20.0 20.0 }
			no_phenomenon=1.000
			rain_light=0.000
			rain_heavy=0.000
			snow=0.000
			blizzard=0.000
			arctic_water=0.000
			mud=0.000
			sandstorm=0.000
			min_snow_level=0.000
		}
		period={
			between={ 0.7 30.7 }
			temperature={ 20.0 20.0 }
			no_phenomenon=1.000
			rain_light=0.000
			rain_heavy=0.000
			snow=0.000
			blizzard=0.000
			arctic_water=0.000
			mud=0.000
			sandstorm=0.000
			min_snow_level=0.000
		}
		period={
			between={ 0.8 29.8 }
			temperature={ 20.0 20.0 }
			no_phenomenon=1.000
			rain_light=0.000
			rain_heavy=0.000
			snow=0.000
			blizzard=0.000
			arctic_water=0.000
			mud=0.000
			sandstorm=0.000
			min_snow_level=0.000
		}
		period={
			between={ 0.9 30.9 }
			temperature={ 20.0 20.0 }
			no_phenomenon=1.000
			rain_light=0.000
			rain_heavy=0.000
			snow=0.000
			blizzard=0.000
			arctic_water=0.000
			mud=0.000
			sandstorm=0.000
			min_snow_level=0.000
		}
		period={
			between={ 0.10 29.10 }
			temperature={ 20.0 20.0 }
			no_phenomenon=1.000
			rain_light=0.000
			rain_heavy=0.000
			snow=0.000
			blizzard=0.000
			arctic_water=0.000
			mud=0.000
			sandstorm=0.000
			min_snow_level=0.000
		}
		period={
			between={ 0.11 30.11 }
			temperature={ 20.0 20.0 }
			no_phenomenon=1.000
			rain_light=0.000
			rain_heavy=0.000
			snow=0.000
			blizzard=0.000
			arctic_water=0.000
			mud=0.000
			sandstorm=0.000
			min_snow_level=0.000
		}
	}

}
