strategic_region = {
	id = 82
	name = "STRATEGICREGION_82"
	provinces = {
		2417
		5603
		17438
		16039
		16437
		16551
		16839
		16925
		17040
		17107
		17185
		17265
		17769
		17775
		15947
		16043
		16087
		16323
		16341
		16367
		16597
		16679
		17207
		17293
		17307
		17364
		17366
		17435
		17457
		17478
		17618
		17633
		17890
		18502
		18516
		20915
		20916
		20917
		20918
		20919
		20920
		20921
		20922
		20923
		21011
		21012
		21013
		15910
		16086
		16091
		16106
		16117
		16294
		16325
		16363
		16750
		16814
		16818
		16820
		16945
		18015
		18050
		18486
		15903
		15978
		16005
		16015
		16271
		16359
		16611
		16671
		16795
		16870
		16942
		17918
		17971
		20924
		21014
	}
	weather = {
		period = {
			min_snow_level = 0
			between = {
				0
				30.11
			}
			temperature = {
				0
				0
			}
		}
	}
}
