
strategic_region={
	id=11
	name="STRATEGICREGION_11"
	provinces={
		728 1238 1460 1556 1646 1767 1784 1874 1980 2001 2460 2620 2662 2672 3217 3295 3329 3593 3628 3763 3921 3976 4116 4323 4508 4513 4558 4668 4738 4796 4800 4846 5096 5184 5449 5666 5677 5727 5885 5903 6041 6160 6258 6577 6635 6729 6754 6814 6870 6926 6950 7068 7105 7237 7667 7676 7740 7761 7800 7833 7922 7977 7981 8045 8097 8177 8226 8316 8325 8401 8514 8603 8778 8780 8888 8900 9023 9095 9245 9322 9328 9397 9421 9423 9617 9630 13624 14137 14419 14533 14539 14571 14595 14605 14616 14625 14629 14637 14664 14674 14681 14687 14690 14709 14723 14733 14734 14764 14765 14771 14772 14785 14789 14790 14794 14796 14808 14810 14836 14850 14869 14876 14877 14893 14895 14906 14910 14916 14922 14928 14929 14930 14945 14958 14961 14974 14985 15006 15008 15009 15012 15014 15025 15026 15041 15046 15049 15078 15079 15081 15087 15093 15104 15105 15109 15118 15127 15130 15150 15158 15217 15248 15257 15260 15274 15338 15368 15382 17577 18529 18573 18704 18936 19034 19195 19500 19880 19881 19882 19883 20007 20008 20009 20010 20011 20014 20024 20025 20026 20027 20028 20029 20030 20031 20037 20038 20039 20040 20041 20042 20043 20044 20045 20046 20047 20050 20054 20534 
	}
	weather={
	}
}
