
strategic_region={
	id=12
	name="STRATEGICREGION_12"
	provinces={
		658 807 1045 1181 1705 1744 1809 1891 1942 1953 1969 2026 2052 2150 2586 2715 2929 3006 3044 3284 3322 3958 3980 4251 4482 4555 4708 4840 5002 5009 5099 5139 5188 5357 5375 5818 5879 5887 5900 5944 6029 6128 6495 6601 6618 6625 6763 6838 6949 6955 7103 7126 7144 7155 7212 7314 7784 7944 7962 7971 7990 8539 8641 8746 8761 8779 8855 8880 8883 8961 9080 9081 9217 9341 9413 9448 9510 11312 11351 11352 11364 11371 11382 11416 11417 11445 11446 11472 11488 11498 11499 11505 11539 11551 11556 11628 11644 11662 11699 11709 11729 11743 11770 11821 11829 11833 11834 11842 11852 11886 11913 11943 11951 11969 11994 12039 12077 12100 12107 12130 12151 12157 12165 12181 12205 12206 12244 12249 12255 12256 12265 12266 12297 12306 12311 12312 12335 12354 12361 12362 12389 12399 12412 12447 12448 12471 12481 12494 12503 12516 12522 12533 12542 12549 12557 12581 12620 12671 12699 12726 12736 12806 12844 12852 12857 12880 12895 12901 12909 16442 19854 19870 19871 19872 19873 19874 19875 19876 19877 19878 19890 19891 19892 19893 19894 19895 19896 19897 19898 19900 19901 19902 19903 19904 20695 21666 21667 21669 21670 
	}
	weather={
	}
}
