
strategic_region={
	id=16
	name="STRATEGICREGION_16"
	provinces={
		220 430 485 635 1350 1467 1700 1704 1717 1843 2210 2399 2733 2855 2936 2945 3024 3290 3597 3743 3762 4009 4544 4713 4721 4838 4875 4996 5312 5390 5400 5490 5529 5667 6046 6167 6199 6369 6524 6750 6810 6873 6922 7353 7586 7694 7736 7798 8033 8279 8354 8455 8493 9035 9106 9403 9670 14855 14865 14871 14873 14888 14890 14894 14897 14900 14919 14921 14941 14948 14951 14954 14955 14960 14967 14983 14988 15011 15024 15132 15155 15184 15192 15207 15247 15296 15309 15340 19758 19759 19760 19761 19779 19780 19801 19806 19807 19808 19811 19812 19827 19833 20507 20508 20525 
	}
	weather={
	}
}
