
strategic_region={
	id=17
	name="STRATEGICREGION_17"
	provinces={
		15 77 110 400 436 670 931 952 995 1039 1254 1516 1526 1611 1785 2065 2148 2285 2304 2434 2581 2770 3048 3083 3112 3325 3365 3376 3812 3862 3887 4008 4026 4047 4122 4165 4217 4693 4706 4729 4758 5008 5098 5166 5225 5450 5477 5482 5493 5516 5532 5683 5732 5851 5892 6033 6098 6471 6550 7009 7304 7546 7598 7650 7654 8106 8300 8365 8696 8920 9384 9596 15175 15191 15230 15250 15269 15271 15280 15283 15285 15299 15314 15332 15341 15355 15359 15364 15387 15389 15393 15394 15399 15408 15411 15416 15422 15428 15442 15458 15474 15496 15513 18656 19740 19745 19746 19751 19752 19764 19765 19766 19767 19771 19772 19773 19774 19775 19776 19777 19778 19781 19782 19783 19784 19793 19794 19795 19796 19798 19799 19800 19803 20510 20511 
	}
	weather={
	}
}
