
strategic_region={
	id=19
	name="STRATEGICREGION_19"
	provinces={
		190 233 411 528 605 750 993 996 1129 1264 2045 2372 2373 2420 2712 2726 2859 2888 3068 3111 3160 3396 3440 3443 3449 3466 3474 3514 3555 3556 3642 3667 3682 3718 3722 3760 3779 3956 4119 4142 4205 4212 4241 4308 4318 4439 4538 4675 4769 4862 4874 5050 5116 5149 5165 5202 5315 5488 5491 5618 5685 5767 5772 5832 5963 6017 6035 6051 6400 6442 6459 6516 6588 6630 6733 6986 6988 7128 7393 7461 7584 7659 7681 7708 7867 7875 8228 8308 8410 8546 8647 8654 8682 8889 9004 9050 9184 9211 9247 9261 9301 9336 9359 9401 9438 9469 9583 9632 9645 14665 14673 14679 14694 14720 14726 14728 14732 14738 14740 14741 14751 14752 14753 14758 14759 14763 14768 14776 14777 14783 14788 14792 14795 14799 14807 14811 14814 14815 14816 14822 14826 14829 14830 14835 14846 14847 14853 14854 14861 14862 14864 14880 14883 14884 14885 14889 14905 14915 14920 14925 14943 14944 14947 14957 14959 14964 14991 15032 15054 15065 15077 15095 15096 15100 15103 15108 15117 15120 15124 15140 15146 15148 15149 15171 15179 15222 15226 15246 15255 19730 19747 19748 19749 19750 19753 19754 19755 19756 19757 19763 19785 19786 19787 19788 19789 19790 19791 19792 19797 19802 19810 20509 20512 20513 20514 20515 20516 20518 20519 20520 20521 20524 20539 
	}
	weather={
	}
}
