
strategic_region={
	id=23
	name="STRATEGICREGION_23"
	provinces={
		90 281 302 332 420 484 561 674 708 748 833 854 899 1035 1037 1067 1092 1099 1120 1221 1237 1518 1562 1577 1579 1693 1698 1725 1781 2000 2057 2095 2115 2268 2421 2485 2488 2530 2684 2829 2876 2882 2932 2958 3182 3190 3207 3212 3296 3349 3427 3481 3525 3541 3617 3660 3819 3839 3919 3930 3984 4095 4157 4226 4234 4259 4274 4280 4378 4382 4442 4473 4497 4557 4565 4622 4711 4806 4870 4925 4948 5072 5107 5259 5266 5322 5425 5502 5614 5647 5663 5690 5693 5751 5773 5827 5849 5899 5933 5945 5984 6016 6025 6045 6140 6144 6180 6219 6231 6250 6271 6376 6475 6502 6563 6575 6623 6691 6757 6758 6762 6818 6866 6959 6984 7004 7045 7081 7107 7208 7217 7227 7262 7281 7394 7416 7438 7485 7495 7523 7733 7753 7764 7803 7828 7830 7846 7914 7926 8095 8125 8131 8253 8274 8287 8337 8358 8359 8362 8402 8474 8492 8503 8528 8552 8562 8583 8620 8681 8712 8776 8816 8903 8911 9063 9069 9090 9267 9308 9334 9394 9426 9431 9461 9490 9493 9498 9555 9562 9566 9571 9585 9597 9655 10752 10795 10837 10840 10853 10854 10855 10879 10885 10892 10893 10894 10910 10920 10923 10933 10939 10946 10950 10958 10965 10971 10981 10993 10998 10999 11004 11005 11027 11033 11034 11040 11050 11058 11067 11076 11077 11091 11093 11094 11098 11099 11113 11118 11122 11130 11131 11132 11138 11150 11151 11161 11162 11167 11168 11171 11180 11190 11194 11198 11199 11209 11210 11226 11234 11242 11243 11248 11265 11266 11278 11282 11286 11313 11314 11331 11340 11341 11344 11354 11362 11366 11367 11374 11375 11399 11407 11408 11425 11448 11449 11464 11481 11513 11545 11560 11571 11572 11573 11580 11581 11596 11623 11629 11650 11686 11687 11715 11716 11732 11746 11772 11773 11799 11822 11836 11877 11878 11879 11892 11921 11923 11924 11966 12005 12022 12023 12044 12045 12055 12071 12086 12102 12112 12119 12123 12132 12172 12195 12202 12203 12228 12246 12269 12278 12288 12299 12307 12313 12322 12327 12339 12347 12364 12394 12405 12449 12457 12458 12529 12552 12567 12594 12599 12614 12625 12656 12666 12690 12711 16024 17161 17194 18011 18151 18556 18762 19024 19312 19660 19905 19906 19921 19922 19933 19934 19936 19942 20457 20458 20459 20469 20470 20471 20472 20473 20474 20475 20476 20477 20478 20479 20541 20542 20543 20544 20545 20546 20548 20549 20550 20551 20552 20553 20554 20555 20560 20561 20562 20564 20572 20573 20578 20581 20584 20587 20597 20598 20599 20600 20601 20602 20603 20604 20605 20606 20607 21641 
	}
	weather={
	}
}
