
strategic_region={
	id=26
	name="STRATEGICREGION_26"
	provinces={
		39 68 83 144 363 577 650 707 743 777 924 960 1176 1291 1413 1429 1510 1573 1576 1645 1783 1822 1861 2018 2117 2129 2175 2181 2324 2437 2458 2517 2545 2552 2582 2704 2738 2752 2777 2837 2967 3043 3146 3403 3454 3486 3488 3673 3755 3787 3830 3870 3914 3926 4120 4146 4160 4190 4230 4245 4250 4330 4356 4381 4460 4478 4554 4591 4601 4608 4749 4777 4908 4928 5063 5125 5151 5160 5311 5320 5385 5436 5472 5510 5645 5733 5737 5762 5837 5862 5863 5940 6048 6152 6175 6208 6221 6245 6328 6430 6643 6656 6658 6664 6730 6793 6938 7187 7233 7257 7329 7344 7390 7464 7474 7492 7515 7571 7614 7637 7675 7719 7767 7780 7805 7835 7839 7872 7933 7961 7966 8010 8044 8049 8061 8123 8220 8257 8290 8384 8400 8413 8420 8470 8564 8577 8586 8593 8612 8735 8765 8798 8968 8996 9166 9208 9250 9281 9320 9450 9503 9647 9648 9657 13327 13360 13377 13389 13410 13426 13445 13449 13457 13467 13468 13469 13521 13522 13530 13536 13541 13589 13600 13609 13615 13621 13626 13641 13659 13672 13675 13676 13708 13718 13719 13746 13752 13784 13805 13813 13814 13825 13836 13837 13843 13859 13868 13871 13877 13907 13914 13919 13920 13924 13949 13959 13969 13981 14013 14021 14034 14047 14056 14064 14065 14094 14099 14103 14119 14139 14174 14175 14191 14202 14218 14222 14232 14233 14263 14273 14281 14301 14310 14317 14324 14329 14336 14340 14345 14350 14358 14361 14368 14369 14375 14383 14384 14389 14390 14392 14397 14398 14402 14403 14409 14415 14427 14428 14433 14437 14444 14452 14462 14470 14492 14504 14510 14511 14521 14525 14532 14535 14536 14538 14550 14556 14562 14572 14574 14587 14596 14597 14598 14612 14622 14623 14644 14650 14656 16752 16902 16909 17138 17275 17582 17724 17815 18083 18234 18713 19319 20383 20386 20388 20389 20391 20392 20393 20394 20395 20408 20409 20410 20411 20412 20413 20414 20415 20416 20417 20418 20432 20433 20434 20435 20436 20438 20439 20440 20441 20442 20443 20444 20445 20446 20447 20451 20452 20453 20454 20456 
	}
	weather={
	}
}
