
strategic_region={
	id=29
	name="STRATEGICREGION_29"
	provinces={
		91 433 509 597 622 803 955 1020 1094 1114 1249 1272 1404 1428 1622 1747 1811 1856 1904 1930 2379 2585 2587 2680 3101 3130 3133 3220 3245 3316 3417 3756 3835 3933 4060 4131 4197 4231 4235 4346 4354 4509 4520 5150 5443 5567 5637 5696 5784 5958 6097 6132 6302 6483 6549 6660 7274 7411 7731 8011 8137 8254 8483 8576 8741 8931 9028 9038 9240 9314 9496 9507 9535 9588 11865 15003 15036 15057 15072 15074 15084 15097 15110 15133 15137 15142 15153 15167 15187 15193 15209 15223 15233 15264 15305 15321 15324 15347 15351 15353 15371 15376 15405 15410 15429 15459 15621 15895 16100 16108 16212 16301 16425 16439 16499 16577 16595 16799 16851 16888 16994 17049 17139 17183 17276 17398 17475 17491 17548 17569 17572 17626 17673 17831 18003 18094 18429 18449 18452 18458 18466 18472 20096 20249 20250 20251 20252 20253 20254 20255 20256 20257 20258 20259 20260 20261 20262 20263 20264 20265 20266 20267 20268 20269 20270 20271 20272 20273 20274 20275 20276 20277 20278 20280 20281 20282 20283 20284 20285 20286 20287 20288 20289 20290 20291 20292 20293 20294 20295 20296 20297 20298 20299 20300 20301 20302 20303 20304 20305 20306 20307 20308 20310 20311 20312 20313 20314 20315 20316 20317 20318 20319 20320 20321 20322 20323 20325 20326 20327 20328 20329 20330 20331 20332 20333 20334 20335 20336 20337 20338 20339 20340 20341 20342 20343 20344 20345 20346 20347 20348 20349 20350 20351 20352 20353 20354 20355 20356 20357 20358 20359 20360 20361 21487 21490 21586 21638 
	}
	weather={
	}
}
