
strategic_region={
	id=3
	name="STRATEGICREGION_3"
	provinces={
		105 253 271 554 745 845 1218 1332 1745 1799 1803 1842 2131 2246 2279 2424 2481 2650 2860 2937 2970 2980 2993 3097 3162 3213 3234 3378 3406 3536 3663 3689 3764 3769 3805 3895 3989 4063 4101 4187 4192 4360 4391 4599 4633 4686 4697 4732 4735 4742 4804 4850 4993 5068 5274 5435 5616 5672 5959 6340 6390 6466 6494 6512 6682 6722 6749 6783 6785 6910 6921 7268 7273 7283 7414 7428 7470 7532 7576 7622 7691 7848 7901 8017 8159 8272 8333 8423 8441 8504 8633 8637 8723 8788 9007 9064 9077 9082 9153 9161 9237 9295 9386 9638 10190 10222 10259 10264 10283 10284 10286 10301 10314 10315 10326 10338 10342 10356 10369 10380 10384 10414 10420 10430 10443 10461 10470 10519 10552 10553 10565 10566 10576 10579 10593 10607 10630 10635 10645 10667 10685 10701 10738 10742 10749 10774 10775 10802 10812 10824 10829 10839 10851 10863 10877 10878 10901 10902 10919 10924 10932 10937 10979 10996 11002 11049 11054 11057 11073 11074 11088 11101 11108 11109 11110 11117 11146 11147 11157 11165 11176 11177 11189 11205 11206 11223 11230 11231 11236 11247 11264 11276 11281 19393 19394 19395 19396 19398 19399 19400 19401 19402 19403 19404 19405 19406 19407 19408 19452 19453 19454 19455 19456 
	}
	weather={
	}
}
