
strategic_region={
	id=30
	name="STRATEGICREGION_30"
	provinces={
		23 30 50 75 116 128 140 168 178 181 216 229 252 280 322 384 388 392 402 475 481 492 533 558 611 614 639 653 725 774 922 970 1027 1043 1112 1128 1233 1293 1348 1355 1400 1465 1478 1529 1560 1590 1623 1820 1841 1850 1883 1902 1919 1925 1926 1935 1967 1975 1992 1999 2020 2042 2047 2060 2091 2212 2231 2263 2401 2418 2435 2440 2441 2479 2523 2529 2543 2549 2551 2592 2604 2817 2851 2886 2923 2935 2968 2969 2971 3028 3120 3127 3231 3275 3336 3348 3392 3439 3583 3702 3752 3867 3873 3938 3995 4083 4084 4311 4345 4349 4419 4434 4593 4626 4650 4674 4747 4842 4966 5074 5077 5080 5127 5287 5408 5437 5452 5492 5544 5646 5684 5758 5854 6012 6119 6163 6173 6326 6361 6482 6504 6564 6602 6620 6634 6688 6820 6850 6946 6948 6969 6976 7115 7135 7145 7147 7335 7558 7635 7766 7790 7999 8048 8182 8218 8242 8306 8398 8403 8487 8529 8531 8550 8558 8701 8724 8743 8828 9027 9113 9142 9521 9567 9687 9689 9707 9712 9768 9785 9792 9802 9815 9820 9830 9842 9867 9882 9885 9886 9889 9916 9922 9927 9931 9957 9958 9963 9965 9976 9978 9979 9987 9991 9994 9995 9999 10004 10006 10007 10009 10010 10023 10024 10029 10057 10062 10080 10088 10108 10124 10134 10143 10157 10168 10179 10201 18590 18698 18771 18913 18922 19245 19248 19263 19270 19278 19289 19293 19295 19296 19299 19424 19425 19426 19427 19428 19429 19430 19431 19432 19433 19434 19435 19436 19437 19438 19439 19440 19441 19442 19443 19444 19445 19446 19447 19448 19449 19450 19451 19458 19459 19460 19461 19462 19463 19464 19465 19466 19467 19468 19469 19470 19471 19472 19473 19474 19475 19476 19477 19478 19479 19480 19481 19482 19483 19484 19485 19486 19487 19488 19490 19491 19492 19493 19494 19495 19496 19497 19498 19499 19501 19502 19503 19504 19505 19506 19507 19508 19509 19510 19511 19512 19513 19514 19515 19516 19517 19518 19519 19520 19521 19522 19523 19524 19525 19526 19527 19528 19529 
	}
	weather={
	}
}
