
strategic_region={
	id=31
	name="STRATEGICREGION_31"
	provinces={
		37 78 129 131 238 248 268 275 287 316 325 338 369 407 419 426 429 446 501 515 559 565 580 588 615 645 646 711 735 738 752 757 784 817 825 837 842 855 869 903 905 911 932 944 980 1005 1007 1030 1058 1081 1106 1110 1144 1155 1157 1202 1229 1331 1375 1383 1392 1395 1415 1418 1505 1517 1527 1534 1549 1550 1565 1588 1602 1607 1632 1654 1742 1751 1798 1835 1844 1936 1949 1958 1977 1989 2039 2063 2096 2098 2099 2146 2178 2199 2222 2241 2252 2259 2318 2338 2386 2391 2436 2466 2474 2501 2515 2521 2607 2616 2651 2701 2741 2745 2858 2892 2897 2913 2962 2996 2997 2998 3008 3011 3071 3094 3109 3122 3166 3210 3312 3313 3343 3352 3360 3387 3421 3425 3516 3522 3545 3584 3650 3671 3692 3737 3808 3814 3832 3857 3899 3916 3996 4039 4048 4224 4286 4312 4571 4611 4619 4645 4671 4710 4756 4802 4811 4872 4886 4890 5051 5211 5272 5304 5309 5325 5393 5411 5430 5438 5476 5501 5580 5606 5686 5721 5743 5747 5822 5844 5886 5901 5975 6028 6145 6157 6215 6306 6315 6329 6413 6448 6455 6463 6554 6621 6666 6674 6764 6780 6817 6825 6872 6907 6947 6972 7066 7078 7080 7134 7222 7245 7259 7263 7298 7323 7327 7431 7652 7657 7662 7683 7773 7877 7891 7934 7993 8000 8005 8008 8066 8087 8197 8231 8243 8572 8663 8678 8771 8772 8830 8836 8861 8871 8873 8902 8953 8982 8990 9096 9158 9200 9321 9339 9385 9470 9481 9486 9491 9502 9505 9540 9621 9690 9693 9708 9721 9722 9731 9738 9747 9754 9756 9766 9767 9776 9777 9778 9779 9788 9797 9809 9814 9843 9846 9855 9868 9883 9895 9904 9907 9936 9938 9946 9948 9952 9961 9972 9977 9993 9998 10000 10008 10011 10015 10017 10019 10025 10027 10030 10039 10043 10045 10047 10051 10058 10063 10065 10068 10074 10077 10084 10091 10092 10103 10104 10110 10120 10125 10133 10137 10144 10158 10159 10162 10163 10164 10169 10182 10184 10185 10187 10191 10210 10211 10214 10215 10241 10242 10248 10250 10255 10262 10263 10265 10266 10268 10285 10292 10294 10306 10309 10322 10339 10362 10378 10387 10397 10421 10465 10466 10475 10501 10513 10525 10530 10537 10580 10588 10620 10621 10626 10646 10658 18532 18546 18566 18580 18587 18591 18595 18602 18665 18684 18758 18769 18829 18845 18894 18909 18915 18933 18940 19012 19048 19055 19056 19058 19060 19063 19064 19068 19069 19070 19076 19083 19093 19099 19250 19251 19253 19255 19256 19258 19259 19261 19262 19265 19269 19272 19273 19276 19280 19288 19294 19297 19301 19302 19303 19304 19305 19306 19309 19530 19531 19532 19533 19534 19535 19536 19537 19538 19539 19540 19541 19542 19543 19544 19545 19546 19547 19548 19549 19550 19551 19552 19553 19554 19555 19556 19557 19558 19559 19560 19562 19564 19565 19566 19567 19568 19569 19570 19571 19572 19573 19574 19575 19576 19577 19578 19579 19580 19581 19582 19583 19584 19585 19586 19587 19588 19589 19590 19591 19592 19593 19594 19595 19596 19597 19598 19599 19600 19601 19602 19603 19604 19605 19628 19629 19630 19631 19632 19633 
	}
	weather={
	}
}
