
strategic_region={
	id=33
	name="STRATEGICREGION_33"
	provinces={
		9 16 19 51 71 137 158 170 183 200 201 230 285 346 348 364 399 405 447 463 464 591 604 667 688 718 720 755 786 829 838 844 930 959 986 1247 1279 1296 1307 1330 1451 1481 1583 1675 1749 1864 1915 1961 1974 1979 2019 2071 2078 2112 2123 2182 2342 2393 2405 2642 2645 2754 2811 2813 2864 2941 2963 2999 3003 3069 3087 3093 3113 3247 3261 3280 3355 3402 3410 3458 3477 3546 3637 3643 3695 3728 3826 3884 3920 3922 3993 4073 4162 4343 4357 4424 4451 4464 4511 4603 4786 4833 4899 5022 5130 5242 5264 5283 5286 5323 5386 5531 5593 5638 5830 5897 6059 6318 6342 6819 7151 7153 7164 7231 7244 7320 7656 7958 8018 8058 8211 8450 8707 9228 9404 9619 9628 9686 9688 9696 9702 9703 9705 9709 9710 9715 9724 9726 9728 9730 9758 9770 9783 9787 9790 9804 9825 9829 9834 9851 9853 9862 9864 9871 9877 9905 9928 9942 9943 9949 9959 15913 15924 15962 15993 15995 16016 16020 16034 16054 16063 16130 16136 16143 16171 16192 16211 16228 16240 16244 16254 16285 16291 16307 16312 16315 16380 16381 16419 16433 16443 16452 16469 16493 16518 16528 16549 16560 16574 16583 16596 16602 16657 16663 16676 16680 16702 16709 16732 16757 16763 16802 16824 16855 16858 16866 16883 16934 16951 16958 17059 17080 17091 17094 17101 17113 17140 17153 17187 17240 17247 17253 17259 17292 17304 17325 17353 17360 17393 17399 17408 17455 17464 17473 17494 17496 17523 17535 17562 17565 17580 17581 17603 17610 17622 17689 17700 17730 17757 17796 17823 17861 17875 17908 17920 17927 17938 17961 17969 17979 17982 17983 18001 18004 18028 18039 18052 18056 18072 18080 18091 18097 18124 18129 18142 18156 18164 18207 18231 18373 18405 18475 18484 18487 18496 18498 18499 18501 18504 18506 18510 18511 18513 18515 18517 18518 18519 18543 18555 18561 18564 18574 18577 18578 18583 18599 18607 18621 18622 18629 18637 18657 18663 18669 18674 18675 18687 18695 18705 18718 18727 18732 18743 18751 18754 18760 18765 18768 18770 18808 18811 18817 18819 18824 18828 18830 18833 18854 18856 18857 18861 18864 18867 18870 18871 18874 18877 18883 18897 18900 18902 18903 18904 18906 18908 18910 18912 18914 18917 18932 18935 18938 18939 18943 18945 18946 18958 18964 18965 18984 18991 19009 19045 19047 19246 19247 19252 19254 19257 19264 19266 19267 19268 19274 19283 19290 19292 19664 19673 19674 19675 19706 19707 19708 19709 19710 19711 19714 19716 19717 19718 19719 19720 19721 19722 19723 19724 19726 
	}
	weather={
	}
}
