
strategic_region={
	id=34
	name="STRATEGICREGION_34"
	provinces={
		18 24 26 29 31 45 49 54 60 88 115 126 150 171 177 179 192 199 228 245 262 270 292 309 323 324 349 357 386 403 466 534 540 541 557 575 603 617 663 666 677 691 693 736 762 763 772 778 792 800 808 814 815 823 834 852 856 861 883 890 927 937 954 976 983 1031 1062 1083 1119 1125 1138 1142 1184 1189 1206 1236 1241 1299 1327 1333 1339 1347 1354 1358 1370 1412 1414 1430 1468 1479 1484 1488 1525 1538 1539 1551 1563 1571 1601 1604 1618 1633 1696 1748 1750 1765 1793 1801 1808 1847 1869 1881 1901 1923 1962 2051 2062 2079 2102 2124 2141 2162 2172 2173 2206 2261 2314 2350 2353 2355 2378 2383 2392 2449 2516 2533 2544 2568 2572 2611 2634 2635 2639 2654 2685 2693 2756 2773 2791 2793 2794 2799 2816 2826 2827 2877 2949 2979 2981 3052 3063 3086 3095 3142 3169 3171 3172 3186 3187 3291 3294 3319 3351 3382 3426 3441 3459 3480 3501 3503 3504 3510 3554 3567 3602 3606 3607 3608 3625 3659 3696 3748 3765 3776 3874 3946 3961 3964 4028 4030 4064 4074 4096 4127 4134 4144 4207 4247 4261 4290 4327 4427 4466 4468 4507 4540 4564 4567 4604 4623 4698 4703 4712 4724 4748 4778 4815 4827 4905 4937 4995 5135 5156 5163 5179 5196 5273 5288 5347 5377 5404 5483 5499 5514 5653 5703 5707 5744 5760 5761 5783 5799 5840 5942 5951 6052 6089 6169 6188 6262 6263 6305 6397 6509 6541 6610 6655 6713 6854 6861 6867 6931 6993 7059 7216 7219 7258 7403 7413 7420 7498 7553 7562 7564 7641 7678 7720 7762 7856 7960 7985 8063 8285 8288 8319 8391 8424 8471 8478 8548 8557 8613 8768 8769 8783 8795 8800 9020 9134 9286 9352 9354 9399 9436 9514 9522 9582 9714 9718 9719 9735 9736 9737 9742 9744 9750 9753 9759 9765 9771 9773 9775 9780 9786 9794 9795 9796 9798 9800 9801 9803 9806 9807 9808 9810 9817 9818 9819 9821 9823 9824 9826 9831 9833 9835 9837 9838 9839 9840 9841 9845 9847 9854 9856 9857 9858 9866 9870 9872 9873 9874 9875 9876 9878 9879 9884 9887 9892 9894 9897 9898 9901 9903 9911 9912 9913 9921 15911 15961 16036 16064 16071 16082 16251 16258 16273 16338 16347 16369 16386 16401 16430 16463 16474 16497 16503 16533 16555 16609 16665 16688 16766 16789 16803 16811 16852 16879 16910 16947 16948 16979 17020 17067 17105 17172 17208 17248 17269 17303 17308 17311 17358 17359 17363 17369 17376 17415 17427 17443 17451 17477 17512 17513 17520 17530 17561 17611 17693 17696 17717 17718 17741 17781 17857 17871 17882 17916 17945 17951 17970 17986 17992 18019 18020 18027 18051 18197 18204 18205 18206 18208 18214 18217 18220 18264 18265 18277 18284 18285 18291 18350 18497 18509 18557 18620 18731 18919 18923 18924 18926 18976 18994 18998 19016 19036 19277 19281 
	}
	weather={
	}
}
