
strategic_region={
	id=35
	name="STRATEGICREGION_35"
	provinces={
		14 17 36 55 66 72 112 114 119 138 141 147 172 193 204 205 212 214 225 241 254 260 264 274 305 306 307 312 314 331 351 362 378 380 401 434 438 448 449 469 478 487 499 510 520 536 537 549 555 573 583 613 641 695 719 730 776 793 806 810 813 819 853 865 872 876 928 933 936 940 945 947 951 965 1010 1015 1025 1040 1054 1073 1100 1117 1147 1163 1180 1212 1214 1245 1257 1280 1281 1338 1382 1391 1417 1456 1469 1482 1504 1507 1509 1542 1543 1559 1595 1597 1636 1641 1679 1680 1683 1701 1707 1709 1724 1778 1833 1837 1873 1885 1887 1892 1900 1929 1931 1951 1971 2008 2021 2024 2025 2059 2066 2069 2097 2130 2143 2158 2254 2255 2275 2329 2330 2335 2357 2390 2396 2406 2457 2469 2475 2509 2511 2532 2539 2547 2589 2598 2612 2617 2628 2669 2691 2716 2717 2750 2764 2783 2801 2825 2835 2916 2926 2965 2966 3002 3012 3026 3054 3066 3084 3098 3104 3136 3138 3154 3165 3175 3179 3211 3215 3254 3267 3268 3320 3324 3327 3331 3340 3344 3436 3442 3461 3478 3498 3519 3523 3532 3561 3575 3632 3652 3653 3674 3684 3690 3706 3709 3710 3711 3712 3713 3795 3886 3898 3941 3970 3974 4020 4027 4035 4058 4105 4121 4130 4145 4149 4159 4202 4206 4221 4222 4244 4255 4257 4298 4320 4341 4374 4379 4388 4417 4444 4523 4560 4574 4580 4586 4600 4629 4630 4646 4663 4676 4731 4780 4784 4797 4837 4852 4853 4854 4855 4869 4892 4895 4927 4939 4959 4987 4991 5061 5076 5097 5108 5114 5123 5134 5144 5157 5194 5201 5207 5234 5237 5245 5249 5256 5260 5281 5293 5342 5348 5356 5369 5401 5422 5431 5446 5453 5464 5469 5474 5523 5581 5583 5626 5631 5632 5657 5661 5694 5717 5746 5757 5882 5888 5910 5923 5950 5954 5957 6021 6077 6083 6084 6100 6101 6117 6126 6131 6137 6139 6149 6153 6162 6178 6189 6202 6224 6235 6239 6310 6353 6360 6368 6406 6422 6434 6473 6511 6521 6523 6544 6569 6587 6628 6637 6644 6646 6657 6669 6670 6680 6734 6792 6795 6813 6828 6852 6897 6911 6966 6981 6996 6999 7008 7032 7039 7054 7076 7093 7102 7125 7149 7150 7169 7170 7182 7249 7299 7301 7322 7338 7364 7369 7385 7389 7398 7423 7436 7453 7455 7507 7508 7511 7525 7543 7547 7570 7707 7772 7778 7799 7868 7910 7924 7931 7979 8006 8020 8021 8029 8030 8038 8064 8101 8175 8184 8203 8234 8291 8295 8340 8342 8361 8363 8379 8380 8409 8418 8427 8436 8437 8446 8462 8481 8482 8497 8518 8521 8522 8526 8602 8611 8636 8652 8669 8674 8675 8698 8718 8754 8777 8833 8851 8854 8879 8896 8915 8917 8928 8932 8939 8945 9014 9036 9060 9061 9131 9147 9156 9169 9188 9191 9209 9218 9220 9230 9235 9239 9242 9243 9256 9296 9303 9304 9323 9324 9329 9345 9380 9381 9440 9447 9519 9520 9530 9542 9575 9586 9591 9602 9606 9626 9631 9633 9650 9661 11738 11750 11786 11802 11826 11827 11882 11916 11997 12006 12010 12048 12060 12072 12073 12074 12081 12096 12133 12146 12154 12169 12174 12186 12223 12229 12238 12254 12260 12263 12270 12280 12281 12300 12308 12309 12315 12329 12330 12349 12357 12365 12366 12380 12407 12432 12433 12436 12437 12441 12452 12453 12459 12464 12465 12476 12477 12486 12499 12500 12501 12507 12513 12526 12532 12546 12553 12554 12569 12572 12573 12574 12575 12589 12590 12602 12603 12609 12618 12632 12633 12642 12643 12649 12650 12651 12667 12668 12683 12684 12691 12703 12707 12723 12724 12725 12734 12745 12750 12751 12756 12763 12764 12765 12774 12789 12794 12795 12801 12802 12803 12809 12811 12827 12828 12830 12831 12832 12841 12842 12849 12850 12860 12866 12867 12868 12874 12878 12879 12884 12885 12897 12913 12921 12933 12934 12935 12949 12965 12966 12982 12988 12989 12997 12998 13005 13006 13007 13019 13020 13034 13042 13043 13051 13063 13064 13072 13075 13076 13084 13085 13093 13098 13102 13109 13110 13139 13140 13141 13142 13147 13148 13156 13162 13163 13174 13182 13183 13184 13188 13189 13195 13203 13215 13220 13225 13226 13233 13234 13241 13242 13249 13250 13258 13263 13272 13278 13279 13280 13282 13283 13284 13290 13299 13302 13305 13315 13316 13317 13328 13337 13344 13361 13367 13368 13378 13382 13387 13390 13391 13398 13405 13406 13407 13411 13412 13427 13436 13440 13450 13451 13458 13477 13478 13498 13504 13505 13509 13516 13523 13531 13550 13551 13565 13569 13570 13575 13581 13582 13590 13610 13622 13627 13628 13642 13645 13652 13673 13674 13686 13687 13699 13705 13709 13720 13728 13735 13742 13753 13759 13765 13766 13772 13773 13788 13791 13797 13798 13806 13815 13826 13832 13838 13844 13845 13855 13864 13874 13878 13887 13888 13901 13905 13910 13915 13927 13928 13955 13977 13978 13990 13997 14022 14023 14029 14030 14085 14100 14113 14133 14148 14178 14186 14217 14228 14243 14274 14296 14302 14303 14325 14330 14337 14338 14346 14362 14379 14393 14410 14445 14453 14478 14506 15762 15768 15772 15774 15779 15819 15822 15834 15835 15837 15838 15839 15840 15843 15844 15845 15847 15854 15855 15869 15875 15879 15884 16299 19324 19325 19852 20390 20448 20449 20450 
	}
	weather={
	}
}
