
strategic_region={
	id=36
	name="STRATEGICREGION_36"
	provinces={
		82 136 188 318 333 367 454 456 556 760 989 1103 1223 1268 1297 1303 1314 1548 1630 1960 2134 2189 2277 2367 2468 2558 2627 2647 2763 2765 2814 2841 2891 2919 2938 2947 3092 3124 3144 3158 3198 3255 3259 3405 3438 3475 3490 3594 3626 3683 3745 3758 3791 3810 3827 3864 3868 3877 3968 4043 4161 4209 4268 4281 4500 4543 4597 4651 4656 4673 4859 4961 4969 4973 5015 5059 5090 5141 5167 5213 5384 5439 5479 5565 5591 5598 5620 5648 5649 5702 5738 5769 5814 5835 5861 5865 5908 5934 5986 6075 6099 6113 6205 6255 6259 6268 6312 6445 6446 6467 6481 6607 6694 6742 6746 6812 6837 7075 7086 7094 7114 7192 7221 7260 7360 7404 7406 7527 7549 7594 7620 7636 7685 7702 7920 7976 8027 8034 8167 8209 8426 8457 8473 8556 8805 8811 8991 9039 9044 9162 9185 9201 9260 9302 9420 9444 9465 9492 9660 9672 10040 10048 10054 10066 10070 10090 10114 10126 10131 10136 10138 10149 10165 10166 10192 10198 10245 10256 10261 10269 10270 10273 10295 10311 10323 10327 10329 10349 10353 10354 10357 10359 10363 10370 10375 10376 10379 10385 10388 10390 10398 10410 10411 10425 10426 10427 10429 10431 10433 10434 10444 10445 10455 10459 10467 10474 10485 10490 10502 10514 10515 10521 10526 10531 10538 10546 10547 10562 10573 10581 10589 10602 10609 10615 10617 10618 10631 10637 10641 10651 10659 10675 10693 10711 10719 10723 10743 10756 10762 10807 10814 10831 10864 10872 10911 10915 10928 10934 10942 10951 11006 11018 15919 15960 15984 16053 16114 16163 16275 16279 16284 16330 16342 16362 16364 16436 16453 16471 16478 16483 16509 16515 16545 16548 16678 16682 16697 16715 16721 16742 16853 16871 16874 16906 16922 16933 16943 17021 17025 17047 17053 17057 17073 17086 17120 17156 17159 17193 17211 17225 17232 17236 17258 17312 17348 17371 17404 17412 17440 17441 17444 17450 17509 17537 17557 17597 17614 17635 17659 17663 17876 17885 17934 17965 17975 17987 18090 18095 18122 18135 18138 18139 18154 18167 18172 18189 18194 18195 18199 18210 18215 18242 18243 18274 18288 18294 18711 18784 19013 19082 19086 19087 19091 19298 19308 19907 19926 19927 19928 19929 19930 19935 19950 19951 19952 19953 19955 19956 19957 19958 19959 19960 19962 19963 19964 19965 19966 19967 19968 19969 19970 19971 19972 19973 19974 19975 19976 19977 19978 19979 19980 19981 19994 19995 19996 19997 19998 19999 20004 20460 20461 20464 20467 
	}
	weather={
	}
}
