
strategic_region={
	id=38
	name="STRATEGICREGION_38"
	provinces={
		27 74 97 130 156 239 284 354 435 450 482 498 521 529 578 589 629 726 753 789 802 870 938 963 1170 1211 1244 1274 1424 1431 1440 1454 1508 1541 1600 1669 1731 1769 1787 2010 2040 2064 2083 2110 2160 2192 2227 2228 2242 2264 2332 2340 2363 2433 2439 2679 2697 2732 2758 2808 2815 2836 2955 3118 3153 3176 3200 3216 3297 3309 3318 3353 3393 3462 3564 3601 3629 3670 3792 3918 3948 3991 4003 4044 4140 4147 4204 4219 4272 4292 4307 4315 4347 4367 4396 4430 4438 4465 4681 4762 4839 4868 4879 4953 4956 4964 5057 5153 5177 5182 5203 5254 5278 5289 5297 5455 5524 5535 5548 5576 5617 5630 5633 5786 5792 5793 5871 5977 6004 6053 6118 6120 6121 6165 6193 6228 6265 6290 6303 6386 6391 6425 6450 6497 6525 6593 6617 6632 6641 6648 6697 6774 6857 6899 6952 7042 7070 7152 7162 7195 7201 7293 7312 7347 7494 7609 7634 7794 7834 7951 8015 8022 8081 8088 8090 8144 8323 8332 8389 8414 8782 8789 8844 8874 8894 8924 8974 9073 9391 9452 9458 9625 9662 9666 9918 9944 9950 9964 9967 9970 9973 9981 9984 9985 9988 9989 10005 10012 10020 10028 10032 10037 10046 10052 10055 10060 10067 10071 10078 10085 10093 10094 10096 10101 10111 10115 10116 10119 10127 10140 10148 10150 10151 10155 10156 10170 10172 10173 10180 10193 10202 10203 10208 10227 10232 10235 10236 10247 10257 10260 10280 10281 10289 10293 10299 10302 10319 10330 10331 10332 10350 10364 10382 10386 10399 10404 10405 10408 10416 10422 10435 10436 10446 10451 10452 10456 10457 10468 10491 10492 10505 10516 10517 10528 10539 10563 10582 10590 10595 10627 15868 15902 15932 15989 15997 16000 16001 16022 16040 16059 16079 16083 16103 16119 16121 16132 16152 16161 16164 16188 16229 16248 16250 16267 16277 16283 16292 16293 16308 16319 16328 16358 16365 16366 16396 16431 16438 16465 16472 16482 16514 16517 16531 16532 16564 16581 16625 16626 16638 16643 16652 16662 16664 16681 16690 16691 16699 16728 16735 16748 16751 16771 16775 16777 16794 16862 16878 16891 16900 16903 16915 16916 16919 16956 16998 17009 17011 17017 17024 17042 17056 17070 17081 17099 17109 17111 17178 17184 17213 17228 17277 17298 17333 17338 17341 17356 17400 17445 17458 17470 17471 17474 17522 17529 17538 17560 17585 17636 17642 17649 17660 17681 17695 17713 17727 17739 17744 17756 17761 17793 17798 17800 17810 17850 17851 17894 17963 17973 17978 18012 18046 18058 18067 18073 18078 18088 18145 18166 18175 18185 18190 18191 18209 18212 18223 18225 18235 18244 18248 18256 18259 18261 18267 18276 18282 18289 18300 18323 18402 18421 18526 18527 18542 18548 18549 18592 18627 18676 18701 18709 18744 18755 18756 18759 18766 18778 18785 18967 18973 18977 18990 18992 18993 19003 19007 19010 19014 19015 19020 19022 19030 19031 19044 19049 19051 19074 19088 19089 19090 19094 19096 19307 
	}
	weather={
	}
}
