
strategic_region={
	id=41
	name="STRATEGICREGION_41"
	provinces={
		258 279 298 373 381 383 393 465 543 570 579 643 675 727 771 820 981 999 1016 1145 1164 1199 1288 1306 1345 1419 1423 1452 1495 1567 1570 1615 1647 1722 1804 1848 1976 1990 2186 2201 2257 2287 2315 2346 2402 2409 2416 2450 2522 2524 2561 2600 2633 2640 2643 2700 2796 2797 2861 2946 2964 2972 2985 2989 3042 3129 3141 3233 3298 3383 3460 3489 3506 3513 3515 3560 3570 3572 3611 3634 3707 3773 3797 3802 3943 4005 4023 4053 4088 4100 4104 4132 4154 4164 4196 4220 4285 4351 4390 4433 4462 4480 4516 4556 4563 4589 4649 4667 4754 4768 4795 4809 4906 4955 4958 4967 4975 4989 5019 5169 5171 5205 5251 5300 5317 5324 5382 5451 5500 5545 5547 5600 5643 5654 5730 5776 5777 5825 5831 5878 5925 5928 5953 5962 5985 6006 6072 6238 6295 6313 6474 6591 6614 6684 6853 6875 6892 6898 6900 6943 6987 7058 7140 7168 7176 7186 7189 7267 7306 7308 7326 7328 7365 7432 7450 7487 7518 7545 7597 7605 7606 7647 7672 7687 7692 7704 7711 7756 7776 7844 7884 7911 7917 7975 8016 8050 8070 8073 8139 8178 8183 8186 8204 8208 8237 8238 8245 8263 8370 8438 8453 8565 8566 8614 8623 8640 8711 8736 8792 8882 8895 8921 8941 8978 9012 9024 9054 9059 9071 9107 9122 9155 9165 9176 9178 9203 9294 9441 9475 9525 9543 9604 12271 12282 12372 12381 12418 12456 12467 12478 12480 12541 12555 12556 12564 12591 12604 12619 12634 12644 12685 12692 12708 12715 12719 12729 12735 12740 12753 12758 12775 12804 12812 12843 12875 12886 12890 12906 12927 12943 12944 12950 12956 12967 12990 12999 13000 13008 13021 13038 13044 13057 13077 13078 13086 13094 13103 13111 13112 13122 13143 13144 13145 13157 13164 13175 13180 13196 13204 13209 13216 13227 13235 13236 13251 13252 13259 13264 13273 13300 13306 13310 13318 13329 13338 13348 13371 13372 13383 13413 13428 13429 13452 13463 13464 13479 13491 13499 13510 13524 13552 13553 13560 13566 13583 13584 13601 13623 13633 13643 13646 13657 13660 13661 13669 13680 13681 13688 13710 13711 13736 13760 13761 13780 13792 13799 13807 13808 13816 13827 13839 13840 13865 13880 13889 13929 13932 13936 13950 13951 13956 13971 13992 13998 14004 14025 14053 14057 14087 14095 14104 14128 14140 14143 14149 14151 14168 14179 14241 14250 14276 14298 14314 14373 14422 15825 15893 15970 16122 16141 16410 16570 16592 16628 16753 16817 17058 17154 17272 17575 17601 17784 17977 18105 18106 18183 18254 18530 19079 19104 
	}
	weather={
	}
}
