
strategic_region={
	id=44
	name="STRATEGICREGION_44"
	provinces={
		121 198 269 445 545 552 560 598 652 703 747 920 943 985 1021 1061 1076 1153 1277 1289 1312 1322 1324 1472 1474 1614 1664 1686 1726 1761 1763 1764 1772 1880 2006 2043 2075 2164 2171 2185 2219 2220 2225 2274 2327 2368 2387 2403 2426 2448 2453 2463 2473 2480 2497 2538 2565 2567 2622 2659 2673 2675 2760 2775 2878 2883 2918 2930 2954 3041 3075 3077 3135 3191 3224 3225 3269 3293 3317 3359 3394 3413 3463 3470 3483 3526 3530 3550 3635 3645 3646 3677 3705 3723 3750 3754 3906 3978 3979 3999 4019 4045 4052 4057 4094 4150 4199 4233 4252 4264 4301 4334 4338 4358 4363 4440 4528 4547 4637 4653 4700 4766 4772 4821 4847 4916 4922 4930 4940 4947 4962 4968 5031 5043 5064 5148 5183 5214 5216 5268 5282 5284 5360 5440 5467 5621 5669 5740 5749 5750 5781 5790 5804 5872 5938 5972 5997 6086 6104 6170 6179 6203 6230 6249 6266 6267 6278 6297 6301 6304 6385 6440 6451 6489 6517 6527 6530 6542 6586 6608 6639 6690 6739 6741 6789 6844 6908 6940 6973 6979 6991 7026 7027 7028 7030 7090 7098 7099 7108 7142 7166 7191 7288 7302 7343 7466 7489 7490 7516 7530 7557 7561 7563 7579 7589 7630 7717 7751 7760 7777 7785 7812 7827 7906 7923 7939 7943 7988 8043 8060 8079 8113 8143 8188 8192 8196 8330 8381 8382 8433 8447 8477 8488 8642 8656 8697 8732 8742 8821 8826 8887 8891 8922 8926 8927 8960 8983 9002 9049 9052 9074 9087 9099 9145 9259 9287 9310 9363 9370 9396 9455 9479 9508 9531 9539 9546 9618 9675 10725 10760 10765 10780 10784 10786 10799 10803 10820 10838 10858 10865 10866 10867 10868 10881 10888 10889 10895 10904 10918 10925 10929 10943 10948 10949 10952 10960 10974 10975 10976 10994 11016 11017 11022 11023 11029 11070 11080 11084 11096 11114 11134 11140 11144 11154 11155 11156 11172 11184 11197 11217 11235 11240 11271 11272 11273 11301 11316 11336 11347 11355 11363 11368 11387 11412 11413 11427 11443 11452 11455 11475 11486 11493 11494 11507 11521 11522 11527 11536 11537 11567 11584 11593 11600 11615 11616 11617 11624 11625 11630 11649 11658 11666 11678 11679 11689 11705 11706 11713 11733 11752 11758 11759 11776 11777 11792 11796 11797 11803 11804 11811 11812 11831 11857 11863 11903 11904 11909 11927 11938 11941 11959 11967 11978 11984 11998 12004 12011 12025 12028 12029 12030 12036 12049 12062 12063 12064 12065 12075 12089 12090 12115 12134 12147 12155 12163 12164 12180 12187 12188 12189 12196 12212 12217 12224 12230 12239 12240 12289 12296 12301 12302 12316 12350 12367 12384 12385 12397 12408 12409 12442 12454 12455 12466 12508 12519 12527 12540 12576 12577 12595 12610 12615 12652 12662 12696 12704 12714 12752 12757 12833 15933 15981 15999 16072 16200 16257 16336 16348 16349 16395 16459 16470 16525 16565 16600 16629 16656 16720 16758 16779 16822 16825 16834 16873 17417 17439 17488 17525 17608 17616 17632 17651 17674 17785 17825 18045 18057 18066 18116 18368 18474 19033 19040 
	}
	weather={
	}
}
