
strategic_region={
	id=46
	name="STRATEGICREGION_46"
	provinces={
		2 108 152 496 623 638 850 874 1086 1096 1116 1231 1255 1329 1349 1420 1585 1661 1710 1743 1762 1824 1838 1910 2011 2072 2080 2118 2142 2145 2149 2305 2312 2377 2415 2518 2769 2820 2884 2977 2988 3076 3126 3197 3260 3388 3479 3495 3518 3578 3661 3698 3775 3784 3925 3937 3965 3967 3982 4042 4068 4156 4254 4291 4353 4402 4546 4578 4616 4624 4644 4685 4810 4889 4924 4972 4986 5027 5060 5081 5083 5209 5292 5319 5371 5418 5468 5486 5505 5552 5553 5607 5651 5720 5785 6151 6194 6213 6339 6354 6363 6383 6468 6616 6681 6692 6695 6860 6887 6944 6964 7019 7082 7141 7161 7178 7266 7352 7435 7480 7499 7509 7555 7601 7621 7626 7651 7738 7804 7820 7850 7859 7874 7949 8326 8336 8515 8530 8540 8587 8604 8617 8630 8655 8684 8893 8935 8950 9159 9233 9274 9338 9369 9417 9445 9550 9572 9614 9658 10109 10141 10147 10153 10160 10176 10178 10186 10200 10206 10218 10220 10221 10224 10230 10237 10251 10274 10279 10296 10300 10304 10307 10310 10316 10317 10320 10324 10325 10333 10341 10346 10347 10360 10365 10367 10371 10372 10373 10389 10391 10392 10400 10412 10417 10419 10423 10424 10438 10448 10453 10469 10471 10472 10473 10476 10480 10481 10486 10487 10497 10503 10506 10508 10520 10524 10529 10541 10544 10545 10549 10550 10551 10555 10564 10567 10568 10569 10584 10586 10591 10596 10603 10610 10613 10623 10632 10633 10642 10648 10649 10653 10654 10663 10664 10672 10673 10680 10681 10688 10689 10691 10692 10694 10698 10703 10704 10716 10731 10735 10764 10766 10772 10776 10785 10796 10846 15914 16017 16051 16175 16191 16337 16406 16416 16481 16492 16495 16510 16613 16647 16661 16673 16745 16749 16911 16968 17015 17023 17030 17074 17098 17102 17124 17327 17328 17361 17403 17583 17586 17628 17698 17777 17787 17838 17839 17847 18010 18270 18275 18336 18537 18552 18585 18610 18626 18641 18646 18667 18691 18722 18739 18774 18814 18820 18838 18842 18865 18866 18890 18929 18949 18955 18969 18979 18996 19078 19081 19085 19095 
	}
	weather={
	}
}
