
strategic_region={
	id=48
	name="STRATEGICREGION_48"
	provinces={
		48 52 132 165 195 197 227 244 257 278 315 317 342 356 366 421 432 442 460 491 568 571 576 602 626 651 654 715 717 729 744 791 796 884 906 915 921 974 1009 1026 1060 1113 1115 1168 1171 1210 1295 1376 1386 1390 1459 1461 1502 1558 1575 1584 1612 1634 1746 1753 1770 1827 1836 1839 1863 1928 1940 1963 1991 2002 2003 2031 2053 2092 2108 2116 2122 2125 2198 2209 2234 2322 2348 2461 2471 2508 2512 2571 2593 2609 2610 2630 2740 2819 2854 2868 3025 3073 3080 3150 3238 3244 3257 3289 3368 3390 3401 3407 3457 3467 3521 3552 3566 3579 3586 3658 3693 3708 3719 3789 3807 3855 3912 3917 3945 3981 3985 4013 4056 4071 4106 4172 4198 4225 4227 4246 4249 4276 4295 4352 4373 4377 4389 4423 4450 4487 4518 4531 4602 4612 4682 4716 4736 4759 4764 4830 4860 4887 4893 4923 4932 5010 5026 5034 5093 5146 5229 5285 5294 5303 5327 5353 5365 5397 5433 5494 5537 5561 5575 5604 5664 5718 5725 5763 5787 5788 5816 5869 5926 5930 5968 5988 6005 6030 6064 6069 6088 6156 6236 6246 6280 6300 6393 6419 6427 6452 6485 6547 6700 6714 6718 6721 6731 6748 6751 6752 6770 6809 6839 6856 6992 7046 7092 7158 7160 7236 7280 7303 7392 7408 7484 7531 7542 7714 7737 7779 7801 7806 7866 7982 7983 7989 8047 8054 8057 8082 8092 8102 8110 8129 8164 8190 8194 8246 8261 8297 8307 8335 8369 8406 8440 8456 8516 8580 8608 8688 8702 8764 8786 8799 8818 8841 8925 8930 9010 9105 9118 9138 9150 9249 9280 9309 9316 9331 9389 9427 9437 9453 9454 9460 9480 9537 9544 9646 9914 9937 9945 9962 9971 9980 9986 9992 10003 10016 10018 10031 10033 10038 10042 10061 10079 10081 10083 10095 10097 10102 10105 10121 10122 10123 10132 10142 10146 10154 10167 10171 10177 10188 10194 10209 10213 10216 10226 10231 10233 10234 10239 10240 10249 10252 10253 10254 10258 10267 10272 10275 10276 10282 10287 10288 10290 10291 10297 10298 10308 10312 10313 10328 10334 10335 10336 10337 10343 10348 10351 10358 10361 10368 10374 10383 10393 10395 10396 10402 10403 10406 10413 10418 10428 10432 10439 10440 10441 10442 10447 10449 10458 10460 10463 10477 10482 10488 10493 10495 10496 10498 10504 10507 10509 10512 10518 10522 10532 10533 10536 10542 10556 10557 10558 10559 10560 10571 10577 10583 10597 10600 10604 10605 10606 10608 10611 10612 10614 10619 10628 10629 10634 10643 10655 10657 10660 10661 10665 10674 10678 10684 10690 10695 10700 10705 10708 10717 10718 10722 10726 10727 10728 10739 10748 10751 10754 10767 10777 10788 10794 10797 10809 10813 10833 10843 10849 10869 10896 10936 15939 16018 16061 16168 16208 16230 16535 16550 16633 16861 16884 16895 16987 17026 17133 17151 17180 17241 17244 17297 17324 17547 17576 17703 17714 17740 17766 17774 17856 18120 18140 18152 18251 18257 18263 18345 18348 18353 18395 18414 18609 18613 18689 18746 18747 18779 18792 18793 18795 18796 18798 18803 18999 19039 
	}
	weather={
	}
}
