
strategic_region={
	id=5
	name="STRATEGICREGION_5"
	provinces={
		65 73 145 440 479 497 766 953 1046 1235 1406 1672 1797 1882 2276 2444 2482 2498 2730 2928 3177 3235 3307 3333 3358 3520 3542 3547 3654 3818 3866 3935 3939 3954 4143 4392 4400 4435 4740 4933 5088 5137 5138 5208 5238 5366 5381 5478 5521 5735 5794 6011 6087 6106 6129 6187 6200 6274 6317 6429 6469 6557 6562 6613 6624 6678 6803 6834 6841 6865 6906 6945 7085 7175 7234 7286 7332 7362 7440 7539 7646 7653 7718 7739 7841 8206 8296 8310 8314 8352 8378 8467 8509 8538 8671 8716 8744 8767 8956 8959 8975 8998 9043 9167 9231 9248 9257 9356 9368 9378 9387 9516 9556 9580 9654 12284 12325 12334 12376 12411 12493 12502 12521 12528 12593 12597 12617 12637 12659 12664 12716 12754 12759 12760 12766 12770 12771 12790 12797 12814 12821 12822 12823 12835 12856 12870 12894 12898 12899 12900 12908 12937 12938 12945 12952 12957 12958 12976 12984 12992 13002 13003 13013 13023 13027 13053 13059 13068 13088 13089 13099 13114 13124 13125 13129 13132 13152 13153 13168 13169 13170 13185 13205 13206 13211 13217 13222 13229 13245 13246 13257 13260 13268 13269 13285 13295 13296 13307 13331 13363 13380 13392 13393 13394 13395 13417 13419 13423 13438 13446 13483 13484 13495 13538 13544 13562 13618 13630 13636 13654 13678 13679 13702 13724 13737 13749 13795 13804 13925 16096 16150 16295 16640 16743 16769 17071 17274 17872 19841 19846 19847 19848 19849 19850 19851 19853 19864 19865 19885 19886 19887 19888 19889 20486 20489 20490 20504 
	}
	weather={
	}
}
