
strategic_region={
	id=50
	name="STRATEGICREGION_50"
	provinces={
		1 47 106 118 133 182 189 273 293 308 326 350 365 416 423 424 443 453 486 489 550 572 585 586 606 625 644 647 685 733 857 887 889 902 916 929 941 949 956 987 1033 1042 1044 1055 1059 1075 1090 1108 1122 1179 1183 1200 1204 1265 1276 1282 1294 1302 1308 1326 1344 1381 1387 1399 1402 1409 1427 1466 1486 1512 1519 1521 1533 1535 1546 1552 1561 1642 1681 1727 1779 1792 1815 1819 1855 1857 1879 1898 1920 1943 1968 1978 2058 2061 2088 2109 2156 2159 2163 2196 2204 2215 2221 2223 2249 2269 2278 2288 2291 2301 2356 2359 2484 2491 2492 2496 2555 2560 2658 2695 2802 2818 2842 2902 2920 2927 2950 2984 2994 3000 3038 3057 3064 3134 3189 3194 3209 3221 3229 3236 3335 3370 3374 3384 3395 3418 3485 3509 3614 3664 3676 3703 3704 3733 3740 3785 3796 3837 3865 3894 3927 3949 3992 3997 4000 4051 4061 4201 4203 4210 4256 4270 4277 4279 4333 4370 4385 4458 4461 4486 4492 4493 4515 4529 4541 4559 4562 4605 4634 4639 4669 4717 4726 4743 4773 4776 4790 4817 4843 4882 4902 4938 4988 4999 5016 5041 5094 5115 5121 5164 5168 5190 5222 5355 5372 5376 5407 5518 5554 5562 5628 5639 5674 5704 5741 5798 5866 5896 5937 5961 5982 6079 6081 6095 6107 6115 6150 6168 6218 6272 6355 6388 6399 6404 6472 6501 6514 6533 6553 6566 6585 6589 6675 6683 6787 6788 6878 6883 6890 6895 6914 6915 6956 7005 7057 7101 7127 7173 7177 7265 7269 7294 7334 7337 7363 7395 7497 7600 7660 7713 7809 7886 7919 7942 7980 8130 8155 8158 8200 8205 8227 8283 8305 8346 8383 8386 8407 8511 8523 8543 8653 8747 8751 8774 8814 8847 8875 8992 9030 9094 9195 9205 9222 9263 9325 9428 9429 9523 9611 9642 15177 15303 15307 15319 15330 15342 15343 15349 15360 15365 15366 15373 15374 15383 15386 15388 15391 15398 15400 15401 15406 15427 15433 15434 15437 15443 15444 15445 15447 15449 15455 15456 15466 15467 15473 15476 15484 15490 15494 15495 15498 15502 15507 15511 15512 15516 15518 15519 15520 15524 15526 15531 15532 15539 15540 15541 15544 15546 15551 15552 15555 15557 15567 15572 15573 15574 15577 15581 15585 15587 15596 15602 15610 15612 15615 15626 15629 15640 15642 15648 15649 15654 15656 15657 15658 15660 15661 15662 15664 15667 15672 15677 15688 15689 15704 15705 15706 15710 15724 15725 15726 15727 15730 15734 15735 15738 15742 15744 15750 15753 15758 15767 15770 15771 15773 15776 15777 15782 15784 15785 15787 15792 15796 15804 15807 15812 15814 15815 15816 15817 15818 15829 15830 15831 15832 15833 15841 15846 15850 15858 15916 15920 15929 16008 16033 16214 16224 16225 16324 16405 16409 16521 16582 16604 16639 16696 16703 16716 16736 16773 16850 16869 16875 16904 16997 17029 17050 17072 17077 17155 17177 17218 17233 17242 17300 17330 17409 17423 17448 17456 17469 17497 17517 17532 17558 17579 17641 17694 17697 17708 17747 17748 17765 17840 17883 17954 18103 18112 18149 18155 18173 18241 18262 18266 18268 18278 18281 18293 18298 18301 18307 18309 18538 18571 18636 18699 18702 18717 18729 18776 18788 18807 18813 18840 18875 18882 18885 18892 18893 18895 18896 18905 18918 18921 18928 18931 18934 18937 18941 18952 18956 18961 18963 18966 19023 19028 19029 19038 19041 19191 19198 
	}
	weather={
	}
}
