
strategic_region={
	id=53
	name="STRATEGICREGION_53"
	provinces={
		21 93 297 353 490 531 542 612 648 679 692 696 888 893 942 967 982 1215 1365 1393 1605 1606 1674 1687 1720 1818 1907 2054 2076 2161 2384 2395 2452 2603 2709 2721 2807 2910 3128 3251 3265 3672 3844 3882 3960 4113 4178 4183 4236 4271 4313 4805 4819 4857 4963 4971 4985 5104 5480 5711 5800 5805 5880 5902 5966 6155 6164 6166 6241 6247 6292 6294 6352 6374 6407 6479 6535 6768 6836 6909 7112 7143 7407 7449 7550 7607 7783 7787 7823 7945 8135 8136 8217 8286 8399 8491 8554 8575 8638 8692 8694 8705 8749 8794 8878 8909 15112 15126 15238 15463 15478 15479 15497 15500 15506 15509 15510 15528 15534 15543 15550 15554 15556 15564 15566 15569 15576 15583 15584 15590 15597 15598 15604 15606 15613 15614 15619 15628 15631 15637 15653 15655 15659 15675 15680 15687 15692 15694 15701 15702 15708 15713 15714 15716 15729 15731 15748 15755 15757 15786 15801 18525 18570 18608 18617 18628 18642 18660 18688 18753 18898 19154 19203 19211 19212 19338 19339 19341 19342 21208 21209 21210 21211 21212 21213 21214 21215 21216 21217 21218 21219 21220 21221 21222 21223 21224 21225 21226 21227 21228 21229 21230 21231 21232 21233 21234 21235 21236 21237 21238 21239 21240 21241 21242 21243 21244 21245 21246 21247 21248 21250 21252 21255 21256 21258 21259 21261 21263 21264 21265 21266 21267 21268 21269 21270 21271 21272 21273 21274 21275 21276 21277 21278 21279 21280 21281 21282 21283 21284 21285 21286 21287 21288 21289 21290 21291 21292 21293 21294 21295 21296 21297 21298 21299 21300 21301 21302 21303 21304 21305 21306 21307 21308 21309 21310 21311 21312 21313 21314 21315 21318 21319 21320 21321 21322 21323 21324 21325 21326 21327 21328 21329 21330 21331 21332 21333 21334 21335 21336 21337 21338 21339 21340 21341 21342 21343 21344 21345 21346 21347 21348 21349 21514 
	}
	weather={
	}
}
