
strategic_region={
	id=56
	name="STRATEGICREGION_56"
	provinces={
		3 46 255 294 444 607 649 662 732 1063 1071 1196 1490 1582 2238 2296 2493 2513 2519 2690 2737 3373 3563 3585 3590 3633 4138 4158 4260 4340 4595 4873 4918 5110 5128 5159 5403 5409 5424 5459 5466 5641 5981 6027 6583 6619 6723 6769 6778 6888 7089 7199 7524 7752 7855 7984 8258 8355 8422 8659 8763 8977 9289 9353 9533 9627 14971 14994 15018 15039 15051 15059 15068 15190 15313 15370 15379 15380 15404 15409 15412 15415 15426 15435 15440 15441 15446 15454 15465 15469 15481 15482 15483 15486 15489 15545 15549 15797 16368 16516 17066 18764 20104 21143 21148 21157 21167 21175 21179 21180 21188 21249 21251 21253 21254 21257 21260 21262 21350 21351 21352 21355 21361 21362 21365 21366 21367 21369 21372 21384 21389 21390 21472 21473 21474 21475 21476 21478 21479 21480 21523 21538 21541 21543 21544 21545 21546 21560 21561 21582 21584 21589 21622 21624 21625 
	}
	weather={
	}
}
