
strategic_region={
	id=58
	name="STRATEGICREGION_58"
	provinces={
		187 408 473 737 977 1048 1127 1292 1385 1594 1741 2113 2273 2309 2347 2670 2676 2694 2931 3004 3045 3306 3363 3412 3538 3668 3739 3741 3859 4321 5105 5206 5212 5875 5913 5947 6038 6080 6269 6595 6711 7010 7056 7225 7279 7285 7888 7973 8076 8592 9183 9319 9342 9422 14932 14956 14966 14970 14981 14993 15001 15005 15015 15080 15111 15135 15159 15173 15180 15181 15195 15196 15197 15208 15218 15224 15225 15231 15232 15234 15236 15745 15793 15809 15820 21055 21056 21057 21060 21064 21068 21070 21071 21072 21073 21075 21076 21078 21079 21080 21085 21086 21087 21088 21091 21094 21098 21099 21102 21103 21105 21106 21427 21430 21431 21432 21435 21436 21441 21446 21458 21461 21469 21511 21513 21550 21572 21574 21575 21578 21579 21580 21581 21605 21606 21609 21612 21614 21616 21617 21618 21619 
	}
	weather={
	}
}
