
strategic_region={
	id=61
	name="STRATEGICREGION_61"
	provinces={
		95 180 452 458 584 697 828 836 1003 1038 1091 1098 1182 1352 1644 1737 1826 1834 1877 2056 2111 2232 2446 2557 2637 2666 2689 2729 2821 2852 2956 2961 2974 3013 3161 3256 3263 3414 3815 3910 4036 4086 4136 4214 4420 4496 4506 4876 5028 5220 5305 5359 5608 5644 5807 5824 6060 6161 6568 6761 6821 6920 7111 7118 7139 7345 7477 7644 7745 7770 7793 7897 8230 8271 8607 8618 8857 8890 9056 9244 9317 9442 9517 9565 9608 9652 15215 15227 15262 15265 15266 15270 15276 15281 15286 15308 15323 15329 15339 15354 15357 15372 15392 15396 15414 15423 15439 15448 15453 15460 15470 15475 15485 15488 15505 15514 15525 15536 15548 15562 15568 15570 15588 15603 15609 15617 15618 15625 15627 15645 15693 15697 15703 15712 18579 19192 19194 19336 21015 21016 21017 21019 21020 21021 21022 21023 21024 21025 21026 21027 21028 21029 21030 21031 21032 21033 21034 21035 21036 21037 21039 21040 21041 21042 21043 21044 21045 21046 21047 21048 21353 21354 21357 21359 21363 21364 21368 21371 21373 21376 21377 21378 21379 21380 21382 21383 21385 21386 21387 21392 21394 21398 21399 21400 21402 21403 21404 21405 21408 21409 21413 21414 21421 21429 21470 21488 21553 21628 21642 21643 21644 
	}
	weather={
	}
}
