
strategic_region={
	id=67
	name="STRATEGICREGION_67"
	provinces={
		566 592 781 847 1111 1246 1453 1655 1711 1754 1830 2646 2660 2790 2933 3180 3279 4032 4139 4310 4335 4722 5032 5040 5276 5362 5394 6055 6707 6905 6968 7239 7251 7275 7721 7852 7969 8141 8268 8329 8344 8368 8443 8686 8738 8850 8867 9079 9246 9355 9587 9613 14041 14875 14903 15063 15156 15219 15239 15241 15249 15322 15335 15344 15362 15363 15385 15390 15918 15954 15956 15988 16025 16035 16042 16069 16075 16107 16115 16147 16153 16156 16181 16233 16310 16311 16322 16388 16389 16500 16553 16568 16617 16631 16730 16770 16807 16816 16823 16841 16848 16901 16912 16962 16964 16999 17002 17063 17064 17082 17096 17142 17147 17148 17165 17170 17264 17270 17309 17319 17367 17381 17392 17394 17419 17421 17490 17506 17539 17544 17551 17559 17567 17590 17596 17672 17676 17683 17686 17763 17804 17817 17836 17845 17865 17878 17941 17956 18024 18033 18037 18038 18044 18047 18049 18068 18070 18110 18131 18393 18404 18410 18423 18424 18431 18433 18434 18436 18441 18442 18446 18447 18451 18453 18455 18463 18465 18471 18575 18710 18978 19084 19804 19805 20034 20035 20495 20496 20497 20498 20499 20506 20538 21358 21491 21492 21493 21494 21498 21499 21500 21501 21510 21559 21587 21593 
	}
	weather={
	}
}
