
strategic_region={
	id=7
	name="STRATEGICREGION_7"
	provinces={
		149 174 261 620 724 783 824 1208 1217 1225 1248 1366 1537 1676 1854 1941 1986 2015 2216 2229 2258 2339 2564 2606 2873 2915 3072 3085 3170 3239 3372 3697 3725 3834 3923 4016 4124 4167 4223 4384 4472 4621 4755 4760 4929 5346 5379 5522 5765 5881 5915 5920 5987 6198 6233 6248 6470 6510 6703 6715 6829 6859 6902 6941 7047 7069 7261 7290 7342 7374 7399 7443 7479 7624 7639 7758 7797 7899 7918 7948 8068 8138 8260 8331 8397 8584 8650 8733 8835 8848 8944 8964 9034 9123 9132 9180 9210 9362 9551 9598 9609 14192 14220 14261 14291 14342 14372 14387 14416 14430 14431 14435 14439 14447 14454 14465 14485 14527 14548 14553 14554 14563 14581 14589 14603 14609 14610 14617 14628 14634 14635 14639 14642 14646 14657 14658 14659 14689 14692 14708 14711 14721 14729 14749 14793 14804 14827 14832 14838 19762 19809 19815 19817 19823 19828 19829 19830 19831 19832 19834 19856 20487 20491 20492 20493 20494 20522 20523 20526 20527 
	}
	weather={
	}
}
