
strategic_region={
	id=82
	name="STRATEGICREGION_82"
	provinces={
		2417 5603 15903 15910 15947 15978 16005 16015 16039 16043 16086 16087 16091 16106 16117 16271 16294 16323 16325 16341 16359 16363 16367 16437 16551 16597 16611 16671 16679 16750 16795 16814 16818 16820 16839 16870 16925 16942 16945 17040 17107 17185 17207 17265 17293 17307 17364 17366 17435 17438 17457 17478 17618 17633 17769 17775 17890 17918 17971 18015 18050 18486 18502 18516 20915 20916 20917 20918 20919 20920 20921 20922 20923 20924 21011 21012 21013 21014 
	}
	weather={
	}
}
