
strategic_region={
	id=9
	name="STRATEGICREGION_9"
	provinces={
		910 1875 2119 2798 3678 4029 4479 4744 6135 6343 6344 6433 6540 6668 6704 6743 7132 7540 7715 8460 8943 9078 9086 9376 13637 13665 13682 13703 13716 13725 13726 13744 13757 13763 13770 13782 13812 13819 13835 13858 13861 13884 13893 13897 13930 13939 13957 13961 13965 13966 13967 13985 14017 14026 14063 14078 18855 18957 18971 18974 18988 19000 19062 19322 19323 19840 20097 20098 20099 20100 20102 20103 20105 20106 20107 20108 20109 20110 20111 20112 20113 20114 20115 20116 20117 
	}
	weather={
	}
}
