
strategic_region={
	id=93
	name="STRATEGICREGION_93"
	provinces={
		10 84 151 313 616 1136 1234 1253 1363 1445 1578 1589 1714 1998 2648 3033 3666 3811 4114 4185 4660 4919 5240 5429 5655 5689 6001 6108 7148 7671 7747 7831 8146 9143 9177 9590 9676 9677 9678 9679 9680 9681 9682 9683 9685 15917 16014 16037 16111 16140 16210 16242 16249 16256 16320 16391 16449 16537 16558 16636 16668 16694 16704 16762 16846 16856 16894 16928 16931 16957 17032 17068 17069 17125 17179 17188 17239 17257 17295 17331 17365 17424 17460 17463 17483 17507 17528 17615 17624 17688 17750 17778 17786 17887 17942 17989 18018 18077 18108 18181 18182 18192 18196 18216 18218 18226 18618 18655 18673 18679 18745 18790 18797 18851 18852 19107 19243 19244 19343 19344 19345 19346 19347 19348 19349 19350 19351 19352 19353 19354 19355 19356 19357 19358 19359 19360 19361 19362 19363 19364 19365 19366 19367 19368 19369 19370 19371 19372 19373 19374 19375 19376 19377 19378 19379 19380 19381 19382 19383 19384 19385 19386 
	}
	weather={
	}
}
