state = {
	id = 100
	name = "STATE_100"
	history = {
		owner = ENG
		add_core_of = ENG
		buildings = {
		}
		victory_points = {
			21128
			10
		}
		victory_points = {
			21110
			5
		}
		victory_points = {
			21109
			2
		}
		victory_points = {
			21108
			10
		}
		victory_points = {
			21117
			10
		}
		victory_points = {
			21124
			5
		}
		victory_points = {
			21119
			20
		}
		victory_points = {
			21113
			10
		}
		victory_points = {
			21111
			2
		}
		victory_points = {
			2235
			5
		}
		victory_points = {
			21206
			2
		}
		victory_points = {
			21130
			5
		}
		victory_points = {
			21137
			10
		}
		victory_points = {
			21150
			10
		}
		victory_points = {
			2044
			1
		}
		victory_points = {
			21193
			2
		}
		victory_points = {
			21170
			1
		}
		victory_points = {
			21196
			1
		}
		victory_points = {
			5075
			10
		}
		victory_points = {
			21186
			5
		}
		victory_points = {
			4934
			40
		}
		victory_points = {
			15800
			80
		}
		victory_points = {
			21158
			10
		}
		victory_points = {
			21203
			2
		}
		victory_points = {
			21189
			40
		}
		victory_points = {
			21194
			2
		}
		victory_points = {
			2779
			10
		}
		victory_points = {
			21202
			10
		}
		victory_points = {
			15783
			10
		}
	}
	provinces = {
		4825
		15037
		3423
		21557
		4418
		17600
		15016
		15020
		21468
		14987
		14996
		14980
		300
		14969
		2319
		21466
		8676
		21467
		21465
		21464
		21462
		4727
		507
		1810
		3638
		4730
		4992
		5405
		5546
		21049
		344
		8334
		2895
		6309
		19164
		283
		6676
		2467
		19188
		19193
		19196
		544
		159
		320
		668
		1547
		1728
		1988
		2688
		6364
		6840
		8084
		9000
		15852
		15853
		19178
		471
		702
		925
		2351
		3022
		6252
		7902
		20
		62
		237
		1368
		1401
		1553
		2865
		3252
		5627
		5774
		7023
		7215
		15867
		19175
		20961
		44
		96
		6093
		15857
		15861
		15874
		20932
		20959
		20960
		18572
		19162
		1473
		3738
		4785
		18662
		19232
		19233
		19234
		19235
		19236
		495
		1154
		4409
		5250
		8790
		18703
		410
		659
		1795
		1970
		4283
		4344
		4499
		9076
		15765
		15821
		2591
		15856
		21125
		21126
		21127
		21128
		21129
		2270
		3430
		8559
		21108
		21109
		21110
		8524
		19184
		7964
		1959
		15881
		15403
		3881
		15886
		15871
		3901
		751
		15870
		785
		15864
		7673
		15859
		19181
		1581
		303
		15848
		7560
		3015
		414
		3531
		4304
		4548
		3788
		1104
		8957
		15880
		3433
		6460
		858
		7448
		250
		160
		15873
		8062
		2898
		2847
		18728
		3681
		19200
		863
		7315
		6296
		530
		15885
		3019
		15887
		6649
		712
		7100
		2503
		21456
		7012
		355
		3431
		21459
		21452
		19169
		21457
		15004
		17220
		15066
		15043
		3429
		21460
		15061
		6858
		5252
		21437
		1894
		15029
		4977
		6880
		15017
		16189
		21455
		1008
		7616
		21453
		21451
		15000
		21463
		15143

		15013
		21450
		21448
		8421
		15073
		16530
		21454
		4485
		17996
		8181
		17061
		206
		3311
		8042
		8085
		8824
		14939
		14973
		21552
		871
		6842
		16281
		20370
		15028
		2184
		21445
		21558
		15047
		6582
		2668
		1311
		3196
		1457
		226
		2870
		15824
		15882
		7096
		3362
		5118
		194
		6720
		4166
		2326
		15828
		1996
		1284
		19210
		19215
		19216
		19221
		18733
		18672
		19230
		19217
		21117
		21120
		21121
		21122
		21123
		21124
		3451
		15866
		21111
		21112
		21113
		21114
		21115
		21116
		21118
		21119
		1298
		1587
		1684
		1757
		2153
		3248
		15849
		15894
		21135
		2235
		2336
		21141
		1639
		21130
		21131
		21132
		21133
		21134
		21137
		21138
		21140
		21142
		21206
		21145
		21147
		21149
		21150
		21151
		185
		912
		2044
		7505
		15775
		843
		1817
		1858
		2982
		5611
		6293
		8126
		21163
		21170
		21171
		21172
		21174
		21176
		21178
		21184
		21191
		21193
		21195
		21196
		21197
		21199
		657
		7204
		3140
		848
		1146
		8367
		8373
		21136
		21139
		21144
		1222
		1266
		5054
		564
		811
		15826
		2614
		21156
		1995
		2723
		5075
		7172
		21159
		21166
		21168
		21186
		21190
		562
		1441
		4934
		15802
		21146
		21153
		21154
		21155
		7336
		15813
		21152
		15800
		15803
		15805
		21158
		6598
		21203
		8995
		21181
		21189
		21207
		6431
		21187
		21194
		21198
		2779
		3845
		6488
		9119
		21185
		21204
		21205
		328
		21177
		21202
		3159
		7613
		8348
		15783
		15790
		21164
		21200
		21201
		2584
		3908
		15794
	}
	manpower = 14135048
	state_category = large_city
	buildings_max_level_factor = 1
	local_supplies = 0
}
