state = {
	id = 11
	name = "STATE_11"
	history = {
		owner = ITA
		add_core_of = SWE
		buildings = {
		}
		victory_points = {
			15720
			5
		}
		victory_points = {
			21101
			10
		}
		victory_points = {
			21097
			5
		}
		victory_points = {
			21093
			10
		}
		victory_points = {
			21105
			5
		}
		victory_points = {
			21106
			5
		}
		victory_points = {
			15718
			80
		}
		victory_points = {
			2653
			5
		}
		victory_points = {
			4456
			5
		}
		victory_points = {
			21095
			10
		}
		victory_points = {
			21098
			5
		}
		victory_points = {
			21079
			40
		}
		victory_points = {
			21078
			5
		}
		victory_points = {
			21068
			1
		}
		victory_points = {
			21063
			5
		}
		victory_points = {
			21057
			5
		}
		victory_points = {
			21051
			1
		}
		victory_points = {
			881
			1
		}
		victory_points = {
			21082
			5
		}
		victory_points = {
			21077
			5
		}
		victory_points = {
			21130
			5
		}
		victory_points = {
			21137
			10
		}
	}
	manpower = 719673
	buildings_max_level_factor = 1
	state_category = wasteland
	local_supplies = 0
	provinces = {
		3332
		4614
		630
		19174
		8119
		15317
		3543
		15031
		21397
		15352
		15450
		21438
		4983
		5570
		21563
		21410
		3375
		21549
		15311
		15325
		398
		6456
		7535
		21592
		15346
		2785
		15161
		7972
		15256
		21401
		19190
		832
		21594
		21417
		7289
		3240
		21595
		15010
		21471
		15462
		7925
		15237
		15214
		21381
		21391
		15384
		7210
		21590
		21439
		5754
		6062
		21556
		15194
		21416


		21528
		15300
		15259
		19185
		21591
		15164
		1371
		7716
		19179
		19182
		8431
		15122
		4831
		8679
		15160
		9238
		18730
		3108
		15189
		5823
		7041
		8115
		15101
		8371
		6437
		21395
		21388
		15201

		3205
		15279




		21137
		15085
		1640
		21627
		15090
		21443
		15168
		15182
		21564
		21537
		4303
		15030
		5103
		19222
		21425
		2369
		6335
		1982
		15889
		1305
		18891
		160
		5161
		21434
		19172
		15067
		2048
		21535
		21602
		2595
		9194
		4517
		21374
		21599
		21423
		5012
		2036
		21661
		6579
		21566
		7157
		15892
		2608
		21568
		7071
		15136
		15106
		15147
		21531
		21540
		3644
		21626
		15320
		21532
		15121
		979
		4081
		21610
		21607
		15212
		15251
		21604
		15310
		21596
		1520
		15131
		4771
		15306
		21418
		9206
		9251
		21567
		15277
		15174
		21608
		8428
		2736
		15292
		4720
		21603
		3890
		15228
		4775
		21415
		1893
		3780
		15258
		1564
		21565
		21411
		394
		21406
		15333
		21598
		7131
		5541
		6738
		21554
		5112
		18144
		3017
		360
		2265
		2176
		3270
		301
		69
		15883
		8969
		210
		896
		503
		1596
		18576
		517
		196
		1079
		3181
		7396
		4041
		15877
		21660
		2055
		5874
		122
		21662
		4369
		8824
		7296
		2762
		500
		1728
		1500
		4791


		2982
		4548
		19216
		19217
		21120
		21130

		15842
		15872
		3131
		21407
		21419
		1334
		4878
		21422
		21663
		7003
		1736
		15851
		4900
		590
		4808
		1740
		15811
		1174
		1267
		15863
		18239
		530


		5
		9671
		2347
		21572
		21578
		3538
		21574
		14956
		9319
		2113
		21469
		8592
		9183
		3342
		6520
		3455
		8760
		21548
		2137
		2520
		5370
		15235
		7106
		7391
		15245
		15185
		512
		15210
		329
		21577
		15294
		14963
		21600
		21601
		21551
		413
		2940
		2588
		21547
		21539
		9182
		15021
		9558
		15038
		5699
		3281
		15076
		21571
		21433
		21428
		15205
		21575
		8304
		15015
		7279
		15135
		21427
		15173
		15225
		7888
		15195
		21461
		5105
		14932
		21435
		21446
		14970
		14981
		15001
		21580
		15111
		15159
		977
		21581
		3045
		5947
		5212
		5875
		21441
		6595
		15197
		5206
		7225
		15208
		7010
		1149
		15134
		14965
		21442
		7179
		1741
		6711
		2670
		3306
		15181
		21430
		5913
		15236
		2931
		15080
		15218
		3004
		14993
		15196
		21579
		7285
		15231
		7056
		21436
		21458
		21550
		21612
		3859
		15180
		3363
		21605
		21614
		21609
		21606
		3412
		21616
		21619
		21617
		15234
		4321
		15232
		2030
		15157
		14975
		21449
		4163
		368
		3058
		15172
		15204
		15203
		8338
		21444
		21576
		21555
		14977
		5948
		15820
		2309
		187
		473
		15202
		764
		21432
		21431
		1286
		21573
		21440
		15128
		6225
		15125
		15058
		1906
		15098
		15119
		1220
		19026
		919
		2331
		7810
		9189
		15720
		21090
		21100
		4273
		15739
		15741
		21084
		21096
		21097
		21101
		162
		8051
		21062
		21074
		21083
		21093
		1269
		1389
		3630
		8121
		21059
		21061
		1048
		2070
		2676
		9342
		15793
		15809
		15728
		21092
		21104
		737
		9422
		21086
		21091
		21102
		21103
		21105
		408
		2694
		3739
		6071
		1385
		15005
		21618
		14966
		3741
		6038
		6269
		21070
		21088
		21094
		21106
		6603
		15718
		21054
		2653
		15722
		1422
		4110
		4456
		21089
		3669
		6735
		15733
		21081
		21095
		3668
		6080
		15745
		21080
		21085
		21087
		21098
		21099
		1594
		7973
		21064
		2273
		21079
		21076
		85
		4814
		21107
		142
		4326
		4725
		5189
		18752
		19011
		1532
		3793
		4957
		7457
		21065
		21066
		21068
		21071
		21072
		21073
		21075
		21078
		163
		1397
		2983
		4452
		7513
		9371
		15795
		15808
		21050
		21058
		21063
		1011
		1127
		1292
		2023
		15827
		21051
		21052
		21053
		21055
		21056
		21057
		21060
		881
		18925
		6394
		21069
		21082
		978
		8673
		21067
		21077
	}
}
