state = {
	id = 132
	name = "STATE_132"
		provinces = {
		19840
		20107
		13637
		13665
		13682
		13703
		19322
		14063
		5053
		7540
		13965
		20111
		14078
		4029
		9086
		14026
		9376
		13939
		13957
		13961
		13985
		13930
		20106
		13770
		6668
		6704
		8943
		13897
		13966
		13967
		14017
		18974
		18988
		19000
		20108
		4744
		18855
		910
		2119
		4479
		13861
		18957
		18971
		19062
		3678
		6743
		13984
		19113
		20103
		20112
		20115
		20116
		7132
		13716
		13725
		20098
		20117
		20105
		1875
		13858
		20110
		13782
		20102
		20114
		6135
		19323
		20113
		6344
		13893
		6433
		6540
		9078
		20097
		20109
		6343
		13726
		13744
		13812
		13835
		13884
		2798
		13763
		20100
		13819
		7715
		20099
		8460
		13757
	}
	history = {
	}
	impassable = yes
	manpower = 1
	state_category = wasteland
	buildings_max_level_factor = 1
	local_supplies = 0
}
