state = {
id = 14
	name = "STATE_14"
	history = {
		owner = SOV
		add_core_of = SOV
		buildings = {
			infrastructure = 5
			industrial_complex = 1
			arms_factory = 1
		}
		victory_points = {
			16915
			2
		}
		victory_points = {
			18973
			5
		}
		victory_points = {
			7494
			5
		}
		victory_points = {
			18175
			2
		}
		victory_points = {
			10140
			5
		}
		victory_points = {
			3118
			2
		}
		victory_points = {
			16514
			2
		}
		victory_points = {
			18549
			5
		}
		victory_points = {
			789
			2
		}
	}
	provinces = {
		578
		870
		963
		2340
		2836
		2955
		3153
		3318
		3462
		3601
		4147
		5203
		5289
		6193
		6899
		7162
		7494
		7634
		8332
		9964
		9981
		10020
		10032
		10046
		10060
		16103
		16132
		16152
		16164
		16188
		16267
		16531
		16626
		16652
		16662
		16748
		16862
		16891
		16915
		16919
		17024
		17099
		17178
		17277
		17341
		17695
		17894
		17978
		18058
		18073
		18175
		18190
		18191
		18209
		18244
		18973
		27
		1170
		1431
		1600
		2439
		4219
		4292
		4953
		6053
		6303
		8874
		9391
		10093
		10094
		10101
		10111
		10119
		10140
		10151
		10156
		15932
		16040
		16079
		16431
		16638
		16643
		16771
		17474
		17713
		17973
		18235
		18992
		97
		2083
		3353
		3918
		4367
		4681
		4868
		5182
		5524
		5535
		5576
		6497
		7293
		8789
		9073
		10096
		10115
		10116
		10173
		10203
		10232
		10236
		18526
		18527
		18676
		18701
		18756
		18759
		18766
		18967
		18977
		18990
		18993
		19007
		19015
		19031
		19044
		19090
		435
		938
		1244
		1731
		2064
		2433
		3118
		4272
		5633
		6952
		8414
		10193
		10280
		10302
		16022
		16465
		16472
		16514
		17458
		17739
		17756
		18282
		18542
		18549
		19307
		789
		1454
		6641
		7347
		9918
		9944
		9950
		16119
		16161
		16229
		16365
		16438
		16916
		17109
		17298
		17356
		17445
		17560
		17642
		17963
		18078
	}
	manpower = 553357
	buildings_max_level_factor = 1.000
	state_category = town
	local_supplies = 0.000
}

