state = {
id = 16
	name = "STATE_16"
	provinces = {
		14678 
		4085
		4242
		6776
		4404
		5445
		8766
		15216
		15243
		15284
		19741
		636
		3278
		8247
		6912
		15297
		19738
		1852
		4405
		15304
		15331
		15337
		15345
		19727
		19743
		6341
		15402
		15425
		19735
		19736
		19742
		19744
		2034
		4739
		19737
		6076
		19733
		19734
		6458
		19729
		939
		2597
		6287
		8785
		15007
		20517
		3287
		8581
		14934
		1270
		14924
		14946
		14953
		9673
		14990
		19728
		19731
		1660
		5291
		5941
		7853
		359
		8195
		15089
		19739
		1470
		6159
		15035
		15115
		4278
		4510
		15145
		15166
		19732
		2224
		3232
		4982
		6276
	}
	history = {
	}
	manpower = 1
	impassable = yes
	buildings_max_level_factor = 1.000
	state_category = wasteland
	local_supplies = 0.000
}

