state = {
	id = 160
	name = "STATE_160"
	history = {
		owner = SOV
		add_core_of = SOV
		buildings = {
			infrastructure = 5
			industrial_complex = 1
			arms_factory = 1
		}
		victory_points = {
			19708
			20
		}
		victory_points = {
			19709
			2
		}
		victory_points = {
			3477
			2
		}
		victory_points = {
			18499
			2
		}
		victory_points = {
			16518
			2
		}
		victory_points = {
			19707
			2
		}
		victory_points = {
			16307
			5
		}
	}
	provinces = {
		2999
		16
		19
		51
		170
		201
		285
		346
		364
		463
		464
		604
		667
		688
		786
		829
		838
		844
		986
		1451
		1481
		1675
		1961
		1979
		2078
		2123
		2405
		2754
		2864
		3087
		3113
		3477
		3922
		4357
		4511
		4786
		5531
		5830
		5897
		6342
		7164
		7656
		7958
		8058
		8450
		9628
		9688
		9696
		9702
		9709
		9710
		9724
		9726
		15995
		16016
		16063
		16171
		16192
		16291
		16380
		16381
		16433
		16518
		16560
		16596
		16657
		16951
		16958
		17059
		17187
		17247
		17473
		17494
		17496
		17562
		17700
		17969
		17982
		18004
		18207
		18496
		18498
		18499
		18501
		18506
		18510
		18511
		18518
		18561
		18564
		18607
		18621
		18622
		18657
		18675
		18687
		18695
		18718
		18754
		18768
		18811
		18817
		18819
		18824
		18828
		18830
		18833
		18854
		18856
		18867
		19247
		19252
		19254
		19708
		19709
		200
		591
		1330
		3093
		3280
		5286
		9686
		18732
		18808
		19246
		19673
		19674
		19675
		137
		1279
		6059
		9703
		9715
		16307
		16315
		17393
		17581
		17823
		18052
		18156
		18555
		18857
		18861
		19257
		19707
		19710
		19723
	}
	manpower = 196602
	buildings_max_level_factor = 1
	state_category = pastoral
}
