state = {
	id = 388
	name = "STATE_388"
	history = {
		owner = DMZ
		add_core_of = DMZ
		buildings = {
			infrastructure = 5
		}
		victory_points = {
			7548
			20
		}
	
	}
	provinces = {
		288
		6545
		5221
		7057
		19198
		1084
		18952
		7548
		8992
		15401
		15818
		15456
		2204
		1519
		5982
		15812
		6890
		15484
		15526
		18571
		15467
		15498
		7886
		1302
		5518
		15307
		1552
		2278
		15507
		19191
		17177
		2269
		15445
		4493
		15383
		6081
		7269
		3418
		8747
		5741
		15342
		18307
		5222
		15427
		9030
		15398
		15455
		4559
		4790
		18717
		4882
		1282
		18281
		15366
		15520
		4902
		5164
		17697
		3614
		9205
		15473
		2088
		
		4385
		5674
		15365
		15388
		6956
		2492
		2301
		15343
		15330
		7173
		3703
		9195
		8407
		4691
		15532
		17883
		9222
		15581
		18149
		3664
		3229
		1857
		4461
		1276
		15831
		16773
		941
		15829
		7337
		18103
		15177
		15832
		6107
		15792
		15815
		6914
		15833
		365
		9263
		182
		15816
		6533
		15476
		17497
		1546
		19038
		19041
	}
	manpower = 1
	buildings_max_level_factor = 1
	local_supplies = 0
	state_category = pastoral
}
