state = {
	id = 4
	name = "STATE_4"
	manpower = 1
	impassable = yes
	buildings_max_level_factor = 1
	state_category = wasteland
	local_supplies = 0
	provinces = {
		1621
		4606
		5128
		15190
		19225
		21523
		21524
		3277
		9627
		15252
		18764
		21517
		21613
		682
		3321
		6939
		7311
		15254
		2238
		3117
		4824
		5159
		7524
		9019
		15244
		15313
		16368
		16516
		17066
		17144
		18740
		18775
		18789
		18944
		444
		1490
		5403
		5459
		6042
		6790
		6888
		15420
		15435
		15446
		21370
		21372
		21375
		21393
		21474
		523
		1177
		15415
		15440
		21479
		21480
		21585
		255
		649
		3929
		4638
		5006
		6932
		7199
		9289
		15451
		15469
		15483
		21634
		21635
		3563
		3987
		6027
		8390
		15430
		15436
		15441
		15454
		21475
		21477
		21481
		21583
		1196
		3373
		9353
		15421
		21484
		21485
		21486
		1997
		15457
		15481
		15482
		15489
		21476
		21478
		21483
		6769
		6778
		8355
		15465
		21362

		6982
		15493
		15515
		21360
		21472
		2513
		15486
		15545
		15549
		21350
		21351
		21352
		21355
		2690
		7984
		21582
		6723
		6980
		7668
		8258
		21316
		21317
		21629
		8267
		15200
		1141
		7044
		15282
		15287
		15289
		15302
		21502
		21509
		21562
		592
		1453
		1830
		4350
		9272
		15316
		18575
		21499
		21559
		765
		4866
		6846
		21489
		1687
		1818
		2076
		15112
		15126
		21533
		18545
		2917
		5335
		15102
		15165
		21527
		15068
		21538
		1648
		6379
		19189
		8997
		18603
		
		
		7855
		9283
		21542
		1063
		1582
		5466
		6619
		9006
		14971
		6040
		6642
		14994
		15018
		15055
		15059
		15082
		21544
		21545
		21546
		4359
		15044
		15060
		15107
		21534
		5424
		15051
		15052
		21541
		21543
		21597
		2493
		15039
		15508
		2188
		15091
		21530
		21633
		18588
		627
		1540
		1816
		8076
		15186
		15198
		15224
		21522
		21630
		21631
		21632
		
		1918
		4046
		9536
		19177
		21506
		21507
		21514
		2652
		3580
		4459
		5820
		9569
		15267
		21512
		21518
		21611
		1095
		4803
		7074
		15238
		21516
		21519
		1531
		1983
		3472
		4701
		7781
		7880
		9410
		15272
		15336
		15344
		15358
		19180
		21495
		21508
		4310
		7852
		8368
		15291
		15322
		19334
		19335
		21500
		21501
		21503
		551
		5221
		15312
		21390
		21396
		847
		4032
		4414
		5362
		5883
		6270
		9351
		21482
		21497
		21505
		1246
		2933
		3279
		5032
		5040
		5276
		5394
		6707
		7239
		9355
		15335
		15362
		15363
		15390
		21492
		21498
		21586
		21637
		21638
		574
		4477
		5924
		6409
		6925
		15328
		15348
		15369
		15375
		15397
		15431
		21496
		8268
		8867
		15376
		15385
		15417
		21487
		21491
		21587
		21593
		33
		2379
		9223
		15347
		15371
		15407
		15424
		19197
		8686
		21490
		21493
		21494
		21588
		1213
		15114
		15151
		21529
		781
		2425
		5978
		9079
		15253
		15275
		15301
		21510
		
		21526
		21620
		5539
		21536
		4361
		4826
		6965
		522
		6134
		6232
		8748
		21525
		8327
		8738
		15220
		21521
		3746
		15188
		15211
		21420
		21424
		21615
		1287
		3018
		15315
		21504
		21511
		21515
		
		3590
		4340
		4595
		6583
		15379
		15409
		15412
		21384
		21589
		21624
		21625
		21412
		4918
		8422
		8659
		8977
		9533
		15380
		21389
		21561
		3585
		3633
		4158
		5110
		21361
		21365
		21367
		21369
		662
		2737
		4873
		7089
		15404
		15426
		21584
		4138
		5981
		6913
		21473
		21621
		21622
		21623
		1464
		6223
		21513
		1351
		5313
		15242
		1249
		1811
		7274
		15405
		15410
		15429
		15432
		21636
		3206
		5965
		15162
		
		2646
		15176
		15219
		21520
		732
		2296
		5409
		7167
		8763
		15370
		21560
		
		
		
	}
}
