state = {
	id = 58
	name = "STATE_58"
	history = {
		owner = FRA
		add_core_of = FRA
		buildings = {
			infrastructure = 6
		}
		victory_points = {
			21024
			2
		}
		victory_points = {
			21022
			5
		}
		victory_points = {
			7745
			2
		}
		victory_points = {
			21020
			2
		}
		victory_points = {
			15693
			2
		}
		victory_points = {
			1352
			2
		}
	}
	provinces = {
		3256
		3013
		15485
		4506
		21398
		4036
		15439
		21380
		19336
		9652
		15448
		6761
		1098
		18579
		21368
		2852
		15548
		2729
		7644
		3161
		15281
		7793
		6060
		15357
		2557
		6161
		15308
		21376
		3414
		15286
		15215
		7770
		5824
		21399
		21402
		21400
		15323
		7477
		21414
		21409
		21392
		2689
		2232
		15339
		21373
		21383
		3263
		4876
		21394
		15423
		15392
		19194
		7897
		21378
		1877
		21387
		21385
		21379
		21403
		21382
		21408
		21386
		21413
		21628
		4214
		21404
		6568
		15414
		1182
		3910
		1737
		9608
		458
		8230
		7118
		21377
		5305
		21364
		9056
		21353
		21354
		21357
		7345
		21359
		15525
		5807
		15536
		21421
		15265
		21429
		21553
		15227
		1003
		15270
		21470
		15266
		9517
		15276
		15329
		15354
		15372
		8890
		21405
		15262
		21363
		15396
		19192
		15460
		21488
		21371
		4136
		15475
		15514
		2666
		15453
		180
		836
		5644
		15645
		21024
		5359
		21021
		21643
		21644
		1038
		7745
		15697
		21019
		21022
		21642
		828
		2821
		5028
		8618
		1352
		15693
		15703
		15712
		21015
		21016
		21017
		21020
		452
		1826
		2111
		2637
		3815
		5220
		95
		4496
	}
	manpower = 433607
	state_category = pastoral
	buildings_max_level_factor = 1
	local_supplies = 0
}
