state = {
	id = 7
	name = "STATE_7"
	provinces = {
		618
		782
		1545
		7994
		15327
		15367
		16235
		16712
		3837
		15373
		15374
		1308
		857
		714
		15381
		886
		4112
		4445
		5919
		8993
		9045
		15934
		19140
		164
		203
		2385
		3988
		5073
		8600
		15334
		15377
		16986
		17052
		17215
		18021
		2157
		3208
		4587
		5713
		6410
		8040
		8216
		15213
		15290
		15298
		17555
		38
		232
		2283
		4812
		7387
		7591
		8852
		9148
		14989
		15023
		15064
		15129
		15139
		18198
		3512
		3840
		4489
		5688
		8827
		9234
		14909
		14914
		14940
		14950
		16467
		19141
		167
		361
		477
		1097
		1107
		1278
		1360
		1555
		2251
		2541
		2901
		3046
		3149
		4069
		4090
		4551
		5062
		5122
		5441
		6109
		6171
		6696
		6732
		6916
		7197
		7213
		7300
		7437
		7680
		7723
		8541
		8668
		15048
		15070
		15163
		15178
		15229
		15240
		15273
		15293
		18202
	}
	history = {
		owner = SOV
		add_core_of = SOV
		buildings = {
			infrastructure = 4
			industrial_complex = 1
		}
		victory_points = {
			7994
			40
		}
		victory_points = {
			15048
			5
		}
		victory_points = {
			7680
			5
		}
	}
	manpower = 653121
	buildings_max_level_factor = 1
	state_category = large_town
	local_supplies = 0
}
